$TCA:INFO
{{b'Instrument name: Total Carbon Analyzer\r\n'}}
{{b'Model number: TCA08\r\n'}}
{{b'Serial Number: TCA-08-S02-00209\r\n'}}
{{b'Firmware version: 314\r\n'}}
{{b'Software version: 1.3.2.0\r\n'}}
{{b'Current date and time: 5/19/2022 1:27:47 PM\r\n'}}

$TCA:LAST DATA
{{b'4472186 5/19/2022 1:27:48 PM 20 60 1 2 1 0 0 0 1 Wait Sample 1432 S 1433 N n n n 16.6836 630 630 257 0 0 202 0 0 0 0 C C O O 49 28 0 0 0 0 0 0 0 0 0 0 0 0 30 30 31 0 0 40 40 51.3956 99.1502 415.775 0.08544761 7.34006 0.05027938 2.3714 12.25099 5 2206 59\r\n'}}

$TCA:LAST DATABASEVER
{{b'1 6/19/2020 12:00:00 AM 140\r\n'}}

$TCA:STREAM 0 4471672 4471676
{{b'4471672 5/19/2022 1:19:14 PM 20 60 1 2 1 0 0 0 1 C10 1432 S 1433 N n n n 16.6836 630 630 257 0.4984 706 705 435 0 0 0 C C O O 130 28 0 0 0 0 0 0 0 0 0 0 0 0 32 31 31 60 0 40 40 51.3956 98.7446 414.512 0.08489197 7.31973 0.05000323 2.27493 12.25855 4 2206 59\r\n'}}
{{b'4471673 5/19/2022 1:19:15 PM 20 60 1 2 1 0 0 0 1 C10 1432 S 1433 N n n n 16.6836 630 630 257 0.4984 706 705 435 0 0 0 C C O O 129 28 0 0 0 0 0 0 0 0 0 0 0 0 32 31 31 60 0 40 40 51.394 98.7436 414.751 0.08493161 7.31509 0.04993814 2.26589 12.24848 11 2206 59\r\n'}}
{{b'4471674 5/19/2022 1:19:16 PM 20 60 1 2 1 0 0 0 1 C10 1432 S 1433 N n n n 16.6836 630 630 257 0.4984 706 705 435 0 0 0 C C O O 129 28 0 0 0 0 0 0 0 0 0 0 0 0 32 31 32 60 0 40 40 51.3973 98.7448 415.103 0.08496809 7.30586 0.04990488 2.24835 12.25939 4 2206 59\r\n'}}
{{b'4471675 5/19/2022 1:19:17 PM 20 60 1 2 1 0 0 0 1 C10 1432 S 1433 N n n n 16.6836 630 630 257 0.4984 706 705 435 0 0 0 C C O O 128 28 0 0 0 0 0 0 0 0 0 0 0 0 32 31 31 60 0 40 40 51.3956 98.7444 414.96 0.08496057 7.30248 0.04989254 2.24181 12.24344 2 2206 59\r\n'}}
{{b'4471676 5/19/2022 1:19:18 PM 20 60 1 2 1 0 0 0 1 C10 1432 S 1433 N n n n 16.6836 630 630 257 0.4984 706 705 435 0 0 0 C C O O 128 28 0 0 0 0 0 0 0 0 0 0 0 0 32 31 31 60 0 40 40 51.399 98.7442 414.911 0.08497638 7.29013 0.04982531 2.21804 12.26107 4 2206 59\r\n'}}

$TCA:END

$TCA:INFO
{{b'Instrument name: Total Carbon Analyzer\r\n'}}
{{b'Model number: TCA08\r\n'}}
{{b'Serial Number: TCA-08-S02-00209\r\n'}}
{{b'Firmware version: 314\r\n'}}
{{b'Software version: 1.3.2.0\r\n'}}
{{b'Current date and time: 5/19/2022 1:28:13 PM\r\n'}}

$TCA:LAST DATA
{{b'4472212 5/19/2022 1:28:14 PM 20 60 1 2 1 0 0 0 1 Wait Sample 1432 S 1433 N n n n 16.6836 630 630 257 0 0 203 0 0 0 0 C C O O 48 28 0 0 0 0 0 0 0 0 0 0 0 0 30 30 31 0 0 40 40 51.3956 99.1392 415.693 0.085441 7.34178 0.05028683 2.37312 12.28205 5 2205 59\r\n'}}

$TCA:LAST DATABASEVER
{{b'1 6/19/2020 12:00:00 AM 140\r\n'}}

$TCA:STREAM 0 4471672 4471676
{{b'4471672 5/19/2022 1:19:14 PM 20 60 1 2 1 0 0 0 1 C10 1432 S 1433 N n n n 16.6836 630 630 257 0.4984 706 705 435 0 0 0 C C O O 130 28 0 0 0 0 0 0 0 0 0 0 0 0 32 31 31 60 0 40 40 51.3956 98.7446 414.512 0.08489197 7.31973 0.05000323 2.27493 12.25855 4 2206 59\r\n'}}
{{b'4471673 5/19/2022 1:19:15 PM 20 60 1 2 1 0 0 0 1 C10 1432 S 1433 N n n n 16.6836 630 630 257 0.4984 706 705 435 0 0 0 C C O O 129 28 0 0 0 0 0 0 0 0 0 0 0 0 32 31 31 60 0 40 40 51.394 98.7436 414.751 0.08493161 7.31509 0.04993814 2.26589 12.24848 11 2206 59\r\n'}}
{{b'4471674 5/19/2022 1:19:16 PM 20 60 1 2 1 0 0 0 1 C10 1432 S 1433 N n n n 16.6836 630 630 257 0.4984 706 705 435 0 0 0 C C O O 129 28 0 0 0 0 0 0 0 0 0 0 0 0 32 31 32 60 0 40 40 51.3973 98.7448 415.103 0.08496809 7.30586 0.04990488 2.24835 12.25939 4 2206 59\r\n'}}
{{b'4471675 5/19/2022 1:19:17 PM 20 60 1 2 1 0 0 0 1 C10 1432 S 1433 N n n n 16.6836 630 630 257 0.4984 706 705 435 0 0 0 C C O O 128 28 0 0 0 0 0 0 0 0 0 0 0 0 32 31 31 60 0 40 40 51.3956 98.7444 414.96 0.08496057 7.30248 0.04989254 2.24181 12.24344 2 2206 59\r\n'}}
{{b'4471676 5/19/2022 1:19:18 PM 20 60 1 2 1 0 0 0 1 C10 1432 S 1433 N n n n 16.6836 630 630 257 0.4984 706 705 435 0 0 0 C C O O 128 28 0 0 0 0 0 0 0 0 0 0 0 0 32 31 31 60 0 40 40 51.399 98.7442 414.911 0.08497638 7.29013 0.04982531 2.21804 12.26107 4 2206 59\r\n'}}

$TCA:END

$TCA:INFO
{{b'Instrument name: Total Carbon Analyzer\r\n'}}
{{b'Model number: TCA08\r\n'}}
{{b'Serial Number: TCA-08-S02-00209\r\n'}}
{{b'Firmware version: 314\r\n'}}
{{b'Software version: 1.3.2.0\r\n'}}
{{b'Current date and time: 5/19/2022 1:28:39 PM\r\n'}}

$TCA:LAST DATA
{{b'4472238 5/19/2022 1:28:40 PM 20 60 1 2 1 0 0 0 1 Wait Sample 1432 S 1433 N n n n 16.6836 630 630 257 0 0 203 0 0 0 0 C C O O 48 28 0 0 0 0 0 0 0 0 0 0 0 0 30 30 31 0 0 40 40 51.3973 99.1502 416.229 0.08552724 7.34975 0.05035126 2.38992 12.26274 4 2205 59\r\n'}}

$TCA:LAST DATABASEVER
{{b'1 6/19/2020 12:00:00 AM 140\r\n'}}

$TCA:STREAM 0 4471672 4471676
{{b'4471672 5/19/2022 1:19:14 PM 20 60 1 2 1 0 0 0 1 C10 1432 S 1433 N n n n 16.6836 630 630 257 0.4984 706 705 435 0 0 0 C C O O 130 28 0 0 0 0 0 0 0 0 0 0 0 0 32 31 31 60 0 40 40 51.3956 98.7446 414.512 0.08489197 7.31973 0.05000323 2.27493 12.25855 4 2206 59\r\n'}}
{{b'4471673 5/19/2022 1:19:15 PM 20 60 1 2 1 0 0 0 1 C10 1432 S 1433 N n n n 16.6836 630 630 257 0.4984 706 705 435 0 0 0 C C O O 129 28 0 0 0 0 0 0 0 0 0 0 0 0 32 31 31 60 0 40 40 51.394 98.7436 414.751 0.08493161 7.31509 0.04993814 2.26589 12.24848 11 2206 59\r\n'}}
{{b'4471674 5/19/2022 1:19:16 PM 20 60 1 2 1 0 0 0 1 C10 1432 S 1433 N n n n 16.6836 630 630 257 0.4984 706 705 435 0 0 0 C C O O 129 28 0 0 0 0 0 0 0 0 0 0 0 0 32 31 32 60 0 40 40 51.3973 98.7448 415.103 0.08496809 7.30586 0.04990488 2.24835 12.25939 4 2206 59\r\n'}}
{{b'4471675 5/19/2022 1:19:17 PM 20 60 1 2 1 0 0 0 1 C10 1432 S 1433 N n n n 16.6836 630 630 257 0.4984 706 705 435 0 0 0 C C O O 128 28 0 0 0 0 0 0 0 0 0 0 0 0 32 31 31 60 0 40 40 51.3956 98.7444 414.96 0.08496057 7.30248 0.04989254 2.24181 12.24344 2 2206 59\r\n'}}
{{b'4471676 5/19/2022 1:19:18 PM 20 60 1 2 1 0 0 0 1 C10 1432 S 1433 N n n n 16.6836 630 630 257 0.4984 706 705 435 0 0 0 C C O O 128 28 0 0 0 0 0 0 0 0 0 0 0 0 32 31 31 60 0 40 40 51.399 98.7442 414.911 0.08497638 7.29013 0.04982531 2.21804 12.26107 4 2206 59\r\n'}}

$TCA:END

$TCA:INFO
{{b'Instrument name: Total Carbon Analyzer\r\n'}}
{{b'Model number: TCA08\r\n'}}
{{b'Serial Number: TCA-08-S02-00209\r\n'}}
{{b'Firmware version: 314\r\n'}}
{{b'Software version: 1.3.2.0\r\n'}}
{{b'Current date and time: 5/19/2022 1:29:09 PM\r\n'}}

$TCA:LAST DATA
{{b'4472268 5/19/2022 1:29:10 PM 20 60 1 2 1 0 0 0 1 Wait Sample 1432 S 1433 N n n n 16.6296 630 629 257 0 0 203 0 0 0 0 C C O O 48 28 0 0 0 0 0 0 0 0 0 0 0 0 30 30 31 0 0 40 40 51.3923 99.1463 415.779 0.08543986 7.33978 0.05030185 2.37032 12.25183 5 2205 59\r\n'}}

$TCA:LAST DATABASEVER
{{b'1 6/19/2020 12:00:00 AM 140\r\n'}}

$TCA:STREAM 0 4471672 4471676
{{b'4471672 5/19/2022 1:19:14 PM 20 60 1 2 1 0 0 0 1 C10 1432 S 1433 N n n n 16.6836 630 630 257 0.4984 706 705 435 0 0 0 C C O O 130 28 0 0 0 0 0 0 0 0 0 0 0 0 32 31 31 60 0 40 40 51.3956 98.7446 414.512 0.08489197 7.31973 0.05000323 2.27493 12.25855 4 2206 59\r\n'}}
{{b'4471673 5/19/2022 1:19:15 PM 20 60 1 2 1 0 0 0 1 C10 1432 S 1433 N n n n 16.6836 630 630 257 0.4984 706 705 435 0 0 0 C C O O 129 28 0 0 0 0 0 0 0 0 0 0 0 0 32 31 31 60 0 40 40 51.394 98.7436 414.751 0.08493161 7.31509 0.04993814 2.26589 12.24848 11 2206 59\r\n'}}
{{b'4471674 5/19/2022 1:19:16 PM 20 60 1 2 1 0 0 0 1 C10 1432 S 1433 N n n n 16.6836 630 630 257 0.4984 706 705 435 0 0 0 C C O O 129 28 0 0 0 0 0 0 0 0 0 0 0 0 32 31 32 60 0 40 40 51.3973 98.7448 415.103 0.08496809 7.30586 0.04990488 2.24835 12.25939 4 2206 59\r\n'}}
{{b'4471675 5/19/2022 1:19:17 PM 20 60 1 2 1 0 0 0 1 C10 1432 S 1433 N n n n 16.6836 630 630 257 0.4984 706 705 435 0 0 0 C C O O 128 28 0 0 0 0 0 0 0 0 0 0 0 0 32 31 31 60 0 40 40 51.3956 98.7444 414.96 0.08496057 7.30248 0.04989254 2.24181 12.24344 2 2206 59\r\n'}}
{{b'4471676 5/19/2022 1:19:18 PM 20 60 1 2 1 0 0 0 1 C10 1432 S 1433 N n n n 16.6836 630 630 257 0.4984 706 705 435 0 0 0 C C O O 128 28 0 0 0 0 0 0 0 0 0 0 0 0 32 31 31 60 0 40 40 51.399 98.7442 414.911 0.08497638 7.29013 0.04982531 2.21804 12.26107 4 2206 59\r\n'}}

$TCA:END

$TCA:INFO
{{b'Instrument name: Total Carbon Analyzer\r\n'}}
{{b'Model number: TCA08\r\n'}}
{{b'Serial Number: TCA-08-S02-00209\r\n'}}
{{b'Firmware version: 314\r\n'}}
{{b'Software version: 1.3.2.0\r\n'}}
{{b'Current date and time: 5/19/2022 1:29:48 PM\r\n'}}

$TCA:LAST DATA
{{b'4472307 5/19/2022 1:29:49 PM 20 60 1 2 1 0 0 0 1 Wait Sample 1432 S 1433 N n n n 16.6836 630 630 257 0 0 204 0 0 0 0 C C O O 48 28 0 0 0 0 0 0 0 0 0 0 0 0 30 30 31 0 0 40 40 51.4006 99.1486 416.318 0.08554286 7.34155 0.0503087 2.37401 12.24764 6 2206 59\r\n'}}

$TCA:LAST DATABASEVER
{{b'1 6/19/2020 12:00:00 AM 140\r\n'}}

$TCA:STREAM 0 4471672 4471676
{{b'4471672 5/19/2022 1:19:14 PM 20 60 1 2 1 0 0 0 1 C10 1432 S 1433 N n n n 16.6836 630 630 257 0.4984 706 705 435 0 0 0 C C O O 130 28 0 0 0 0 0 0 0 0 0 0 0 0 32 31 31 60 0 40 40 51.3956 98.7446 414.512 0.08489197 7.31973 0.05000323 2.27493 12.25855 4 2206 59\r\n'}}
{{b'4471673 5/19/2022 1:19:15 PM 20 60 1 2 1 0 0 0 1 C10 1432 S 1433 N n n n 16.6836 630 630 257 0.4984 706 705 435 0 0 0 C C O O 129 28 0 0 0 0 0 0 0 0 0 0 0 0 32 31 31 60 0 40 40 51.394 98.7436 414.751 0.08493161 7.31509 0.04993814 2.26589 12.24848 11 2206 59\r\n'}}
{{b'4471674 5/19/2022 1:19:16 PM 20 60 1 2 1 0 0 0 1 C10 1432 S 1433 N n n n 16.6836 630 630 257 0.4984 706 705 435 0 0 0 C C O O 129 28 0 0 0 0 0 0 0 0 0 0 0 0 32 31 32 60 0 40 40 51.3973 98.7448 415.103 0.08496809 7.30586 0.04990488 2.24835 12.25939 4 2206 59\r\n'}}
{{b'4471675 5/19/2022 1:19:17 PM 20 60 1 2 1 0 0 0 1 C10 1432 S 1433 N n n n 16.6836 630 630 257 0.4984 706 705 435 0 0 0 C C O O 128 28 0 0 0 0 0 0 0 0 0 0 0 0 32 31 31 60 0 40 40 51.3956 98.7444 414.96 0.08496057 7.30248 0.04989254 2.24181 12.24344 2 2206 59\r\n'}}
{{b'4471676 5/19/2022 1:19:18 PM 20 60 1 2 1 0 0 0 1 C10 1432 S 1433 N n n n 16.6836 630 630 257 0.4984 706 705 435 0 0 0 C C O O 128 28 0 0 0 0 0 0 0 0 0 0 0 0 32 31 31 60 0 40 40 51.399 98.7442 414.911 0.08497638 7.29013 0.04982531 2.21804 12.26107 4 2206 59\r\n'}}

$TCA:END

$TCA:INFO
{{b'Instrument name: Total Carbon Analyzer\r\n'}}
{{b'Model number: TCA08\r\n'}}
{{b'Serial Number: TCA-08-S02-00209\r\n'}}
{{b'Firmware version: 314\r\n'}}
{{b'Software version: 1.3.2.0\r\n'}}
{{b'Current date and time: 5/19/2022 1:30:41 PM\r\n'}}

$TCA:LAST DATA
{{b'4472360 5/19/2022 1:30:42 PM 20 60 1 2 1 0 0 0 1 Wait Sample 1432 S 1433 N n n n 16.6836 630 630 257 0 0 203 0 0 0 0 C C O O 47 28 0 0 0 0 0 0 0 0 0 0 0 0 30 30 31 0 0 40 40 51.3923 99.1517 416.991 0.08568549 7.35157 0.05035889 2.3936 12.25351 4 2203 59\r\n'}}

$TCA:LAST DATABASEVER
{{b'1 6/19/2020 12:00:00 AM 140\r\n'}}

$TCA:STREAM 0 4471672 4471676
{{b'4471672 5/19/2022 1:19:14 PM 20 60 1 2 1 0 0 0 1 C10 1432 S 1433 N n n n 16.6836 630 630 257 0.4984 706 705 435 0 0 0 C C O O 130 28 0 0 0 0 0 0 0 0 0 0 0 0 32 31 31 60 0 40 40 51.3956 98.7446 414.512 0.08489197 7.31973 0.05000323 2.27493 12.25855 4 2206 59\r\n'}}
{{b'4471673 5/19/2022 1:19:15 PM 20 60 1 2 1 0 0 0 1 C10 1432 S 1433 N n n n 16.6836 630 630 257 0.4984 706 705 435 0 0 0 C C O O 129 28 0 0 0 0 0 0 0 0 0 0 0 0 32 31 31 60 0 40 40 51.394 98.7436 414.751 0.08493161 7.31509 0.04993814 2.26589 12.24848 11 2206 59\r\n'}}
{{b'4471674 5/19/2022 1:19:16 PM 20 60 1 2 1 0 0 0 1 C10 1432 S 1433 N n n n 16.6836 630 630 257 0.4984 706 705 435 0 0 0 C C O O 129 28 0 0 0 0 0 0 0 0 0 0 0 0 32 31 32 60 0 40 40 51.3973 98.7448 415.103 0.08496809 7.30586 0.04990488 2.24835 12.25939 4 2206 59\r\n'}}
{{b'4471675 5/19/2022 1:19:17 PM 20 60 1 2 1 0 0 0 1 C10 1432 S 1433 N n n n 16.6836 630 630 257 0.4984 706 705 435 0 0 0 C C O O 128 28 0 0 0 0 0 0 0 0 0 0 0 0 32 31 31 60 0 40 40 51.3956 98.7444 414.96 0.08496057 7.30248 0.04989254 2.24181 12.24344 2 2206 59\r\n'}}
{{b'4471676 5/19/2022 1:19:18 PM 20 60 1 2 1 0 0 0 1 C10 1432 S 1433 N n n n 16.6836 630 630 257 0.4984 706 705 435 0 0 0 C C O O 128 28 0 0 0 0 0 0 0 0 0 0 0 0 32 31 31 60 0 40 40 51.399 98.7442 414.911 0.08497638 7.29013 0.04982531 2.21804 12.26107 4 2206 59\r\n'}}

$TCA:END

$TCA:INFO
{{b'Instrument name: Total Carbon Analyzer\r\n'}}
{{b'Model number: TCA08\r\n'}}
{{b'Serial Number: TCA-08-S02-00209\r\n'}}
{{b'Firmware version: 314\r\n'}}
{{b'Software version: 1.3.2.0\r\n'}}
{{b'Current date and time: 5/19/2022 1:35:26 PM\r\n'}}

$TCA:LAST DATA
{{b'4472645 5/19/2022 1:35:27 PM 20 60 1 2 1 0 0 0 1 Wait Sample 1432 S 1433 N n n n 16.6836 630 630 257 0 0 203 0 0 0 0 C C O O 45 28 0 0 0 0 0 0 0 0 0 0 0 0 30 30 31 0 0 40 40 51.3973 99.145 417.772 0.08574284 7.3576 0.05036336 2.40416 12.24764 7 2194 59\r\n'}}

$TCA:LAST DATABASEVER
{{b'1 6/19/2020 12:00:00 AM 140\r\n'}}

$TCA:LAST ONLINERESULT
{{b'1411 1432 5/19/2022 9:00:00 AM 5/19/2022 10:00:00 AM 5/19/2022 12:00:00 PM 5/19/2022 1:00:00 PM 270.84 4669.2 4722 780 100 1 3942 780 414.88 988.91 1 20 433.513965697825 -0.052493927308238 0.0000621135375773269 -0.0000019112057832946 0.0000000107468045043784 -0.0000000000160651521958029 417.003817069674 -0.00519565725647155 0.0000407358928456258 -0.00000088209278033617 0.0000000036674856614354 -0.00000000000427524100286778\r\n'}}

$TCA:STREAM 0 4471672 4471676
{{b'4471672 5/19/2022 1:19:14 PM 20 60 1 2 1 0 0 0 1 C10 1432 S 1433 N n n n 16.6836 630 630 257 0.4984 706 705 435 0 0 0 C C O O 130 28 0 0 0 0 0 0 0 0 0 0 0 0 32 31 31 60 0 40 40 51.3956 98.7446 414.512 0.08489197 7.31973 0.05000323 2.27493 12.25855 4 2206 59\r\n'}}
{{b'4471673 5/19/2022 1:19:15 PM 20 60 1 2 1 0 0 0 1 C10 1432 S 1433 N n n n 16.6836 630 630 257 0.4984 706 705 435 0 0 0 C C O O 129 28 0 0 0 0 0 0 0 0 0 0 0 0 32 31 31 60 0 40 40 51.394 98.7436 414.751 0.08493161 7.31509 0.04993814 2.26589 12.24848 11 2206 59\r\n'}}
{{b'4471674 5/19/2022 1:19:16 PM 20 60 1 2 1 0 0 0 1 C10 1432 S 1433 N n n n 16.6836 630 630 257 0.4984 706 705 435 0 0 0 C C O O 129 28 0 0 0 0 0 0 0 0 0 0 0 0 32 31 32 60 0 40 40 51.3973 98.7448 415.103 0.08496809 7.30586 0.04990488 2.24835 12.25939 4 2206 59\r\n'}}
{{b'4471675 5/19/2022 1:19:17 PM 20 60 1 2 1 0 0 0 1 C10 1432 S 1433 N n n n 16.6836 630 630 257 0.4984 706 705 435 0 0 0 C C O O 128 28 0 0 0 0 0 0 0 0 0 0 0 0 32 31 31 60 0 40 40 51.3956 98.7444 414.96 0.08496057 7.30248 0.04989254 2.24181 12.24344 2 2206 59\r\n'}}
{{b'4471676 5/19/2022 1:19:18 PM 20 60 1 2 1 0 0 0 1 C10 1432 S 1433 N n n n 16.6836 630 630 257 0.4984 706 705 435 0 0 0 C C O O 128 28 0 0 0 0 0 0 0 0 0 0 0 0 32 31 31 60 0 40 40 51.399 98.7442 414.911 0.08497638 7.29013 0.04982531 2.21804 12.26107 4 2206 59\r\n'}}

$TCA:END

$TCA:INFO
{{b'Instrument name: Total Carbon Analyzer\r\n'}}
{{b'Model number: TCA08\r\n'}}
{{b'Serial Number: TCA-08-S02-00209\r\n'}}
{{b'Firmware version: 314\r\n'}}
{{b'Software version: 1.3.2.0\r\n'}}
{{b'Current date and time: 5/19/2022 1:36:25 PM\r\n'}}

$TCA:LAST DATA
{{b'4472704 5/19/2022 1:36:26 PM 20 60 1 2 1 0 0 0 1 Wait Sample 1432 S 1433 N n n n 16.6836 630 630 257 0 0 203 0 0 0 0 C C O O 44 28 0 0 0 0 0 0 0 0 0 0 0 0 30 30 31 0 0 40 40 51.394 99.1506 417.91 0.08578385 7.36634 0.05042708 2.42163 12.25855 5 2194 60\r\n'}}

$TCA:LAST DATABASEVER
{{b'1 6/19/2020 12:00:00 AM 140\r\n'}}

$TCA:LAST ONLINERESULT
{{b'1411 1432 5/19/2022 9:00:00 AM 5/19/2022 10:00:00 AM 5/19/2022 12:00:00 PM 5/19/2022 1:00:00 PM 270.84 4669.2 4722 780 100 1 3942 780 414.88 988.91 1 20 433.513965697825 -0.052493927308238 0.0000621135375773269 -0.0000019112057832946 0.0000000107468045043784 -0.0000000000160651521958029 417.003817069674 -0.00519565725647155 0.0000407358928456258 -0.00000088209278033617 0.0000000036674856614354 -0.00000000000427524100286778\r\n'}}

$TCA:LAST OFFLINERESULT
{{b'\r\n'}}

$TCA:STREAM 0 4471672 4471676
{{b'4471672 5/19/2022 1:19:14 PM 20 60 1 2 1 0 0 0 1 C10 1432 S 1433 N n n n 16.6836 630 630 257 0.4984 706 705 435 0 0 0 C C O O 130 28 0 0 0 0 0 0 0 0 0 0 0 0 32 31 31 60 0 40 40 51.3956 98.7446 414.512 0.08489197 7.31973 0.05000323 2.27493 12.25855 4 2206 59\r\n'}}
{{b'4471673 5/19/2022 1:19:15 PM 20 60 1 2 1 0 0 0 1 C10 1432 S 1433 N n n n 16.6836 630 630 257 0.4984 706 705 435 0 0 0 C C O O 129 28 0 0 0 0 0 0 0 0 0 0 0 0 32 31 31 60 0 40 40 51.394 98.7436 414.751 0.08493161 7.31509 0.04993814 2.26589 12.24848 11 2206 59\r\n'}}
{{b'4471674 5/19/2022 1:19:16 PM 20 60 1 2 1 0 0 0 1 C10 1432 S 1433 N n n n 16.6836 630 630 257 0.4984 706 705 435 0 0 0 C C O O 129 28 0 0 0 0 0 0 0 0 0 0 0 0 32 31 32 60 0 40 40 51.3973 98.7448 415.103 0.08496809 7.30586 0.04990488 2.24835 12.25939 4 2206 59\r\n'}}
{{b'4471675 5/19/2022 1:19:17 PM 20 60 1 2 1 0 0 0 1 C10 1432 S 1433 N n n n 16.6836 630 630 257 0.4984 706 705 435 0 0 0 C C O O 128 28 0 0 0 0 0 0 0 0 0 0 0 0 32 31 31 60 0 40 40 51.3956 98.7444 414.96 0.08496057 7.30248 0.04989254 2.24181 12.24344 2 2206 59\r\n'}}
{{b'4471676 5/19/2022 1:19:18 PM 20 60 1 2 1 0 0 0 1 C10 1432 S 1433 N n n n 16.6836 630 630 257 0.4984 706 705 435 0 0 0 C C O O 128 28 0 0 0 0 0 0 0 0 0 0 0 0 32 31 31 60 0 40 40 51.399 98.7442 414.911 0.08497638 7.29013 0.04982531 2.21804 12.26107 4 2206 59\r\n'}}

$TCA:END

$TCA:INFO
{{b'Instrument name: Total Carbon Analyzer\r\n'}}
{{b'Model number: TCA08\r\n'}}
{{b'Serial Number: TCA-08-S02-00209\r\n'}}
{{b'Firmware version: 314\r\n'}}
{{b'Software version: 1.3.2.0\r\n'}}
{{b'Current date and time: 5/19/2022 1:38:01 PM\r\n'}}

$TCA:LAST DATA
{{b'4472800 5/19/2022 1:38:02 PM 20 60 1 2 1 0 0 0 1 Wait Sample 1432 S 1433 N n n n 16.6836 630 630 257 0 0 203 0 0 0 0 C C O O 44 27 0 0 0 0 0 0 0 0 0 0 0 0 30 29 31 0 0 40 40 51.394 99.1496 418.891 0.08593225 7.36491 0.05041308 2.41876 12.25771 5 2201 60\r\n'}}

$TCA:LAST DATABASEVER
{{b'1 6/19/2020 12:00:00 AM 140\r\n'}}

$TCA:LAST ONLINERESULT
{{b'1411 1432 5/19/2022 9:00:00 AM 5/19/2022 10:00:00 AM 5/19/2022 12:00:00 PM 5/19/2022 1:00:00 PM 270.84 4669.2 4722 780 100 1 3942 780 414.88 988.91 1 20 433.513965697825 -0.052493927308238 0.0000621135375773269 -0.0000019112057832946 0.0000000107468045043784 -0.0000000000160651521958029 417.003817069674 -0.00519565725647155 0.0000407358928456258 -0.00000088209278033617 0.0000000036674856614354 -0.00000000000427524100286778\r\n'}}

$TCA:LAST OFFLINERESULT
{{b'\r\n'}}

$TCA:LAST FILTERINTEGRITY
{{b'1411 1432 1 98.808 98.305 0.503\r\n'}}

$TCA:STREAM 0 4471672 4471676
{{b'4471672 5/19/2022 1:19:14 PM 20 60 1 2 1 0 0 0 1 C10 1432 S 1433 N n n n 16.6836 630 630 257 0.4984 706 705 435 0 0 0 C C O O 130 28 0 0 0 0 0 0 0 0 0 0 0 0 32 31 31 60 0 40 40 51.3956 98.7446 414.512 0.08489197 7.31973 0.05000323 2.27493 12.25855 4 2206 59\r\n'}}
{{b'4471673 5/19/2022 1:19:15 PM 20 60 1 2 1 0 0 0 1 C10 1432 S 1433 N n n n 16.6836 630 630 257 0.4984 706 705 435 0 0 0 C C O O 129 28 0 0 0 0 0 0 0 0 0 0 0 0 32 31 31 60 0 40 40 51.394 98.7436 414.751 0.08493161 7.31509 0.04993814 2.26589 12.24848 11 2206 59\r\n'}}
{{b'4471674 5/19/2022 1:19:16 PM 20 60 1 2 1 0 0 0 1 C10 1432 S 1433 N n n n 16.6836 630 630 257 0.4984 706 705 435 0 0 0 C C O O 129 28 0 0 0 0 0 0 0 0 0 0 0 0 32 31 32 60 0 40 40 51.3973 98.7448 415.103 0.08496809 7.30586 0.04990488 2.24835 12.25939 4 2206 59\r\n'}}
{{b'4471675 5/19/2022 1:19:17 PM 20 60 1 2 1 0 0 0 1 C10 1432 S 1433 N n n n 16.6836 630 630 257 0.4984 706 705 435 0 0 0 C C O O 128 28 0 0 0 0 0 0 0 0 0 0 0 0 32 31 31 60 0 40 40 51.3956 98.7444 414.96 0.08496057 7.30248 0.04989254 2.24181 12.24344 2 2206 59\r\n'}}
{{b'4471676 5/19/2022 1:19:18 PM 20 60 1 2 1 0 0 0 1 C10 1432 S 1433 N n n n 16.6836 630 630 257 0.4984 706 705 435 0 0 0 C C O O 128 28 0 0 0 0 0 0 0 0 0 0 0 0 32 31 31 60 0 40 40 51.399 98.7442 414.911 0.08497638 7.29013 0.04982531 2.21804 12.26107 4 2206 59\r\n'}}

$TCA:END

$TCA:INFO
{{b'Instrument name: Total Carbon Analyzer\r\n'}}
{{b'Model number: TCA08\r\n'}}
{{b'Serial Number: TCA-08-S02-00209\r\n'}}
{{b'Firmware version: 314\r\n'}}
{{b'Software version: 1.3.2.0\r\n'}}
{{b'Current date and time: 5/19/2022 1:38:37 PM\r\n'}}

$TCA:LAST DATA
{{b'4472836 5/19/2022 1:38:38 PM 20 60 1 2 1 0 0 0 1 Wait Sample 1432 S 1433 N n n n 16.6836 630 630 257 0 0 205 0 0 0 0 C C O O 44 27 0 0 0 0 0 0 0 0 0 0 0 0 30 29 30 0 0 40 40 51.3956 99.145 418.819 0.08588767 7.36434 0.0504123 2.41703 12.25939 5 2201 60\r\n'}}

$TCA:LAST DATABASEVER
{{b'1 6/19/2020 12:00:00 AM 140\r\n'}}

$TCA:LAST ONLINERESULT
{{b'1411 1432 5/19/2022 9:00:00 AM 5/19/2022 10:00:00 AM 5/19/2022 12:00:00 PM 5/19/2022 1:00:00 PM 270.84 4669.2 4722 780 100 1 3942 780 414.88 988.91 1 20 433.513965697825 -0.052493927308238 0.0000621135375773269 -0.0000019112057832946 0.0000000107468045043784 -0.0000000000160651521958029 417.003817069674 -0.00519565725647155 0.0000407358928456258 -0.00000088209278033617 0.0000000036674856614354 -0.00000000000427524100286778\r\n'}}

$TCA:LAST OFFLINERESULT
{{b'\r\n'}}

$TCA:LAST FILTERINTEGRITY
{{b'1411 1432 1 98.808 98.305 0.503\r\n'}}

$TCA:LAST LOG
{{b'40031 5/19/2022 1:30:29 PM 1 1 Device TCA_DataProtocol connected.\r\n'}}

$TCA:STREAM 0 4471672 4471676
{{b'4471672 5/19/2022 1:19:14 PM 20 60 1 2 1 0 0 0 1 C10 1432 S 1433 N n n n 16.6836 630 630 257 0.4984 706 705 435 0 0 0 C C O O 130 28 0 0 0 0 0 0 0 0 0 0 0 0 32 31 31 60 0 40 40 51.3956 98.7446 414.512 0.08489197 7.31973 0.05000323 2.27493 12.25855 4 2206 59\r\n'}}
{{b'4471673 5/19/2022 1:19:15 PM 20 60 1 2 1 0 0 0 1 C10 1432 S 1433 N n n n 16.6836 630 630 257 0.4984 706 705 435 0 0 0 C C O O 129 28 0 0 0 0 0 0 0 0 0 0 0 0 32 31 31 60 0 40 40 51.394 98.7436 414.751 0.08493161 7.31509 0.04993814 2.26589 12.24848 11 2206 59\r\n'}}
{{b'4471674 5/19/2022 1:19:16 PM 20 60 1 2 1 0 0 0 1 C10 1432 S 1433 N n n n 16.6836 630 630 257 0.4984 706 705 435 0 0 0 C C O O 129 28 0 0 0 0 0 0 0 0 0 0 0 0 32 31 32 60 0 40 40 51.3973 98.7448 415.103 0.08496809 7.30586 0.04990488 2.24835 12.25939 4 2206 59\r\n'}}
{{b'4471675 5/19/2022 1:19:17 PM 20 60 1 2 1 0 0 0 1 C10 1432 S 1433 N n n n 16.6836 630 630 257 0.4984 706 705 435 0 0 0 C C O O 128 28 0 0 0 0 0 0 0 0 0 0 0 0 32 31 31 60 0 40 40 51.3956 98.7444 414.96 0.08496057 7.30248 0.04989254 2.24181 12.24344 2 2206 59\r\n'}}
{{b'4471676 5/19/2022 1:19:18 PM 20 60 1 2 1 0 0 0 1 C10 1432 S 1433 N n n n 16.6836 630 630 257 0.4984 706 705 435 0 0 0 C C O O 128 28 0 0 0 0 0 0 0 0 0 0 0 0 32 31 31 60 0 40 40 51.399 98.7442 414.911 0.08497638 7.29013 0.04982531 2.21804 12.26107 4 2206 59\r\n'}}

$TCA:END

$TCA:INFO
{{b'Instrument name: Total Carbon Analyzer\r\n'}}
{{b'Model number: TCA08\r\n'}}
{{b'Serial Number: TCA-08-S02-00209\r\n'}}
{{b'Firmware version: 314\r\n'}}
{{b'Software version: 1.3.2.0\r\n'}}
{{b'Current date and time: 5/19/2022 1:39:33 PM\r\n'}}

$TCA:LAST DATA
{{b'4472892 5/19/2022 1:39:34 PM 20 60 1 2 1 0 0 0 1 Wait Sample 1432 S 1433 N n n n 16.6836 630 630 257 0 0 203 0 0 0 0 C C O O 44 27 0 0 0 0 0 0 0 0 0 0 0 0 29 29 30 0 0 40 40 51.4006 99.1486 418.947 0.08597385 7.37593 0.050497 2.43963 12.25603 4 2201 60\r\n'}}

$TCA:LAST DATABASEVER
{{b'1 6/19/2020 12:00:00 AM 140\r\n'}}

$TCA:LAST ONLINERESULT
{{b'1411 1432 5/19/2022 9:00:00 AM 5/19/2022 10:00:00 AM 5/19/2022 12:00:00 PM 5/19/2022 1:00:00 PM 270.84 4669.2 4722 780 100 1 3942 780 414.88 988.91 1 20 433.513965697825 -0.052493927308238 0.0000621135375773269 -0.0000019112057832946 0.0000000107468045043784 -0.0000000000160651521958029 417.003817069674 -0.00519565725647155 0.0000407358928456258 -0.00000088209278033617 0.0000000036674856614354 -0.00000000000427524100286778\r\n'}}

$TCA:LAST OFFLINERESULT
{{b'\r\n'}}

$TCA:LAST FILTERINTEGRITY
{{b'1411 1432 1 98.808 98.305 0.503\r\n'}}

$TCA:LAST LOG
{{b'40031 5/19/2022 1:30:29 PM 1 1 Device TCA_DataProtocol connected.\r\n'}}

$TCA:STREAM 0 4471672 4471676
{{b'4471672 5/19/2022 1:19:14 PM 20 60 1 2 1 0 0 0 1 C10 1432 S 1433 N n n n 16.6836 630 630 257 0.4984 706 705 435 0 0 0 C C O O 130 28 0 0 0 0 0 0 0 0 0 0 0 0 32 31 31 60 0 40 40 51.3956 98.7446 414.512 0.08489197 7.31973 0.05000323 2.27493 12.25855 4 2206 59\r\n'}}
{{b'4471673 5/19/2022 1:19:15 PM 20 60 1 2 1 0 0 0 1 C10 1432 S 1433 N n n n 16.6836 630 630 257 0.4984 706 705 435 0 0 0 C C O O 129 28 0 0 0 0 0 0 0 0 0 0 0 0 32 31 31 60 0 40 40 51.394 98.7436 414.751 0.08493161 7.31509 0.04993814 2.26589 12.24848 11 2206 59\r\n'}}
{{b'4471674 5/19/2022 1:19:16 PM 20 60 1 2 1 0 0 0 1 C10 1432 S 1433 N n n n 16.6836 630 630 257 0.4984 706 705 435 0 0 0 C C O O 129 28 0 0 0 0 0 0 0 0 0 0 0 0 32 31 32 60 0 40 40 51.3973 98.7448 415.103 0.08496809 7.30586 0.04990488 2.24835 12.25939 4 2206 59\r\n'}}
{{b'4471675 5/19/2022 1:19:17 PM 20 60 1 2 1 0 0 0 1 C10 1432 S 1433 N n n n 16.6836 630 630 257 0.4984 706 705 435 0 0 0 C C O O 128 28 0 0 0 0 0 0 0 0 0 0 0 0 32 31 31 60 0 40 40 51.3956 98.7444 414.96 0.08496057 7.30248 0.04989254 2.24181 12.24344 2 2206 59\r\n'}}
{{b'4471676 5/19/2022 1:19:18 PM 20 60 1 2 1 0 0 0 1 C10 1432 S 1433 N n n n 16.6836 630 630 257 0.4984 706 705 435 0 0 0 C C O O 128 28 0 0 0 0 0 0 0 0 0 0 0 0 32 31 31 60 0 40 40 51.399 98.7442 414.911 0.08497638 7.29013 0.04982531 2.21804 12.26107 4 2206 59\r\n'}}

$TCA:LAST EXTDEVICEDATA
{{b'4198739 4472899 18 13.8 52 989.2 4.2 0\r\n'}}

$TCA:END

$TCA:INFO
{{b'Instrument name: Total Carbon Analyzer\r\n'}}
{{b'Model number: TCA08\r\n'}}
{{b'Serial Number: TCA-08-S02-00209\r\n'}}
{{b'Firmware version: 314\r\n'}}
{{b'Software version: 1.3.2.0\r\n'}}
{{b'Current date and time: 5/19/2022 1:40:46 PM\r\n'}}

$TCA:LAST DATABASEVER
{{b'1 6/19/2020 12:00:00 AM 140\r\n'}}

$TCA:LAST ONLINERESULT
{{b'1411 1432 5/19/2022 9:00:00 AM 5/19/2022 10:00:00 AM 5/19/2022 12:00:00 PM 5/19/2022 1:00:00 PM 270.84 4669.2 4722 780 100 1 3942 780 414.88 988.91 1 20 433.513965697825 -0.052493927308238 0.0000621135375773269 -0.0000019112057832946 0.0000000107468045043784 -0.0000000000160651521958029 417.003817069674 -0.00519565725647155 0.0000407358928456258 -0.00000088209278033617 0.0000000036674856614354 -0.00000000000427524100286778\r\n'}}

$TCA:LAST OFFLINERESULT
{{b'\r\n'}}

$TCA:LAST FILTERINTEGRITY
{{b'1411 1432 1 98.808 98.305 0.503\r\n'}}

$TCA:LAST LOG
{{b'40031 5/19/2022 1:30:29 PM 1 1 Device TCA_DataProtocol connected.\r\n'}}

$TCA:STREAM 0 4471672 4471676
{{b'4471672 5/19/2022 1:19:14 PM 20 60 1 2 1 0 0 0 1 C10 1432 S 1433 N n n n 16.6836 630 630 257 0.4984 706 705 435 0 0 0 C C O O 130 28 0 0 0 0 0 0 0 0 0 0 0 0 32 31 31 60 0 40 40 51.3956 98.7446 414.512 0.08489197 7.31973 0.05000323 2.27493 12.25855 4 2206 59\r\n'}}
{{b'4471673 5/19/2022 1:19:15 PM 20 60 1 2 1 0 0 0 1 C10 1432 S 1433 N n n n 16.6836 630 630 257 0.4984 706 705 435 0 0 0 C C O O 129 28 0 0 0 0 0 0 0 0 0 0 0 0 32 31 31 60 0 40 40 51.394 98.7436 414.751 0.08493161 7.31509 0.04993814 2.26589 12.24848 11 2206 59\r\n'}}
{{b'4471674 5/19/2022 1:19:16 PM 20 60 1 2 1 0 0 0 1 C10 1432 S 1433 N n n n 16.6836 630 630 257 0.4984 706 705 435 0 0 0 C C O O 129 28 0 0 0 0 0 0 0 0 0 0 0 0 32 31 32 60 0 40 40 51.3973 98.7448 415.103 0.08496809 7.30586 0.04990488 2.24835 12.25939 4 2206 59\r\n'}}
{{b'4471675 5/19/2022 1:19:17 PM 20 60 1 2 1 0 0 0 1 C10 1432 S 1433 N n n n 16.6836 630 630 257 0.4984 706 705 435 0 0 0 C C O O 128 28 0 0 0 0 0 0 0 0 0 0 0 0 32 31 31 60 0 40 40 51.3956 98.7444 414.96 0.08496057 7.30248 0.04989254 2.24181 12.24344 2 2206 59\r\n'}}
{{b'4471676 5/19/2022 1:19:18 PM 20 60 1 2 1 0 0 0 1 C10 1432 S 1433 N n n n 16.6836 630 630 257 0.4984 706 705 435 0 0 0 C C O O 128 28 0 0 0 0 0 0 0 0 0 0 0 0 32 31 31 60 0 40 40 51.399 98.7442 414.911 0.08497638 7.29013 0.04982531 2.21804 12.26107 4 2206 59\r\n'}}

$TCA:LAST DATA
{{b'4472971 5/19/2022 1:40:53 PM 20 60 1 2 1 0 0 0 1 Wait Sample 1432 S 1433 N n n n 16.6836 630 630 257 0 0 203 0 0 0 0 C C O O 43 27 0 0 0 0 0 0 0 0 0 0 0 0 29 29 31 0 0 40 40 51.394 99.1449 419.198 0.08593589 7.37411 0.05046773 2.43565 12.26107 12 2201 60\r\n'}}

$TCA:LAST EXTDEVICEDATA
{{b'4198813 4472972 18 14 52 989.2 4.4 0\r\n'}}

$TCA:END

