TimeStamp,DataID,DataID2,DeviceID,DeviceData
2022-11-01 00:17:30.085852,18701183,18737600,18,1.3 86 988.8 -0.6 0
2022-11-01 01:17:30.060856,18704843,18741200,18,1 89 989.5 -0.4 0
2022-11-01 02:17:30.086667,18708503,18744800,18,0.8 87 989.8 -0.9 0
2022-11-01 03:17:30.051917,18712163,18748400,18,0.7 86 990.3 -1.2 0
2022-11-01 04:17:30.052843,18715823,18752000,18,0.3 89 990.6 -1.1 0
2022-11-01 05:17:30.059789,18719483,18755600,18,0.2 85 990.8 -1.8 0
2022-11-01 06:17:30.076218,18723143,18759200,18,0 88 991.1 -1.6 0
2022-11-01 07:17:30.092167,18726803,18762800,18,0 86 991.1 -1.9 0
2022-11-01 08:17:30.073661,18730463,18766400,18,0 86 991.4 -1.9 0
2022-11-01 09:17:30.076835,18734123,18770000,18,0.5 86 991.6 -1.4 0
2022-11-01 10:17:30.060801,18737783,18773600,18,0.7 84 991.8 -1.5 0
2022-11-01 11:17:30.065297,18741444,18777201,18,0.9 84 991.9 -1.3 0
2022-11-01 12:17:30.073620,18745104,18780801,18,1.4 82 991.9 -1.2 0
2022-11-01 13:17:30.056081,18748764,18784401,18,1.5 82 991.8 -1.1 0
2022-11-01 14:17:29.624405,18752423,18788000,18,1.4 81 991.9 -1.3 0
2022-11-01 15:17:30.118556,18756084,18791601,18,1.4 81 991.9 -1.3 0
2022-11-01 16:17:30.116739,18759744,18795201,18,1.3 80 992.1 -1.6 0
2022-11-01 17:17:30.108189,18763404,18798801,18,1.4 81 992.1 -1.3 0
2022-11-01 18:17:30.120719,18767064,18802401,18,1.3 82 991.8 -1.3 0
2022-11-01 19:17:30.117071,18770724,18806001,18,1.5 83 991.9 -1 0
2022-11-01 20:17:30.107136,18774384,18809601,18,1.6 83 991.7 -0.8 0
2022-11-01 21:17:30.109044,18778044,18813201,18,1.5 85 991.5 -0.7 0
2022-11-01 22:17:30.114147,18781704,18816801,18,1.8 84 991.5 -0.4 0
2022-11-01 23:17:30.112646,18785364,18820401,18,1.9 84 991.4 -0.3 0
2022-11-02 00:17:30.121024,18789024,18824001,18,2 84 991.3 -0.4 0
2022-11-02 01:17:30.154209,18792684,18827601,18,1.8 85 991.3 -0.2 0
2022-11-02 02:17:30.112272,18796344,18831201,18,1.9 86 990.6 -0.1 0
2022-11-02 03:17:30.112387,18800004,18834801,18,1.9 86 990.3 0 0
2022-11-02 04:17:30.121852,18803665,18838402,18,1.8 85 990.1 -0.2 0
2022-11-02 05:17:30.173159,18807325,18842002,18,1.8 88 990 0.1 0
2022-11-02 06:17:30.110723,18810985,18845602,18,1.8 89 989.9 0.3 0
2022-11-02 07:17:30.108961,18814645,18849202,18,1.4 93 989.8 0.6 0
2022-11-02 08:17:30.127445,18818305,18852802,18,1.5 96 989.7 1 0
2022-11-02 09:17:30.126943,18821965,18856402,18,1.9 90 989.7 0.6 0
2022-11-02 10:17:30.113141,18825625,18860002,18,2.2 90 989.8 0.8 0
2022-11-02 11:17:30.173603,18829285,18863602,18,2.4 88 990 0.7 0
2022-11-02 12:17:30.108465,18832945,18867202,18,2.5 87 990 0.7 0
2022-11-02 13:17:30.113706,18836605,18870802,18,2.4 88 989.8 0.6 0
2022-11-02 14:17:29.599271,18840265,18874402,18,2.6 86 990 0.5 0
2022-11-02 15:17:30.142909,18843925,18878002,18,2.2 83 990.1 -0.2 0
2022-11-02 16:17:30.125627,18847585,18881602,18,1.4 83 990.4 -0.9 0
2022-11-02 17:17:26.362588,,,,
2022-11-02 18:17:26.355183,,,,
2022-11-02 19:17:26.380261,,,,
2022-11-02 19:25:20.892565,18859044,18892873,18,0 89 990.8 -1.5 0
2022-11-02 19:26:29.283056,18859114,18892942,18,0 89 990.8 -1.5 0
2022-11-02 19:26:56.060109,18859140,18892968,18,0 89 990.9 -1.5 0
2022-11-02 19:28:58.052922,18859264,18893090,18,0 89 990.9 -1.5 0
2022-11-02 20:17:30.119969,18862225,18896002,18,-0.1 88 990.9 -1.6 0
2022-11-02 21:17:30.116319,18865885,18899602,18,-0.1 90 991.2 -1.4 0
2022-11-02 22:17:30.171293,18869546,18903203,18,-0.3 90 991.2 -1.5 0
2022-11-02 23:17:30.134765,18873206,18906803,18,-0.5 91 991.4 -1.6 0
2022-11-03 00:17:30.107021,18876866,18910403,18,-0.8 92 991.6 -1.7 0
2022-11-03 01:17:30.150577,18880526,18914003,18,-0.9 92 991.7 -1.8 0
2022-11-03 02:17:30.113505,18884186,18917603,18,-1 93 991.7 -1.9 0
2022-11-03 03:17:30.174231,18887846,18921203,18,-1 93 991.9 -1.8 0
2022-11-03 04:17:30.138152,18891506,18924803,18,-1 94 992.1 -1.7 0
2022-11-03 05:17:30.128912,18895166,18928403,18,-1.4 94 992.1 -2.1 0
2022-11-03 06:17:30.111639,18898826,18932003,18,-1.5 94 992.1 -2.2 0
2022-11-03 07:17:30.164902,18902486,18935603,18,-1.9 94 992.3 -2.5 0
2022-11-03 08:17:30.171231,18906146,18939203,18,-1.6 94 992.4 -2.2 0
2022-11-03 09:17:30.142031,18909806,18942803,18,-1.8 94 992.5 -2.4 0
2022-11-03 10:17:30.118106,18913466,18946403,18,-1.6 94 992.7 -2.3 0
2022-11-03 11:17:30.128139,18917126,18950003,18,-1.4 93 992.9 -2.3 0
2022-11-03 12:17:30.129314,18920786,18953603,18,-1.5 92 992.8 -2.4 0
2022-11-03 13:17:30.134850,18924446,18957203,18,-1.2 91 992.7 -2.3 0
2022-11-03 14:17:29.640689,18928106,18960803,18,-1.1 91 992.7 -2.2 0
2022-11-03 15:17:30.203178,18931766,18964403,18,-1 91 992.8 -2.1 0
2022-11-03 16:17:30.172667,18935427,18968004,18,-1 93 992.8 -1.8 0
2022-11-03 17:17:30.171850,18939087,18971604,18,-1.2 93 992.9 -1.9 0
2022-11-03 18:17:30.219698,18942747,18975204,18,-1.2 92 993.1 -2.1 0
2022-11-03 19:17:30.152660,18946407,18978804,18,-1.2 93 993 -2 0
2022-11-03 20:17:30.150806,18950067,18982404,18,-1.2 92 993 -2.1 0
2022-11-03 21:17:30.177468,18953727,18986004,18,-1.4 93 993 -2.1 0
2022-11-03 22:17:30.174571,18957387,18989604,18,-1.6 93 992.8 -2.3 0
2022-11-03 23:17:30.178573,18961047,18993204,18,-1.6 94 992.8 -2.3 0
2022-11-04 00:17:30.172440,18964707,18996804,18,-1.7 96 992.7 -2.2 0
2022-11-04 01:17:29.461210,18968366,19000403,18,-1.7 95 992.6 -2.3 0
2022-11-04 02:17:30.082441,18972027,19004004,18,-1.8 95 992.6 -2.3 0
2022-11-04 03:17:30.163799,18975687,19007604,18,-1.8 96 992.8 -2.2 0
2022-11-04 04:17:30.206777,18979347,19011204,18,-2 97 992.5 -2.4 0
2022-11-04 05:17:30.142521,18983007,19014804,18,-2.1 97 992.6 -2.4 0
2022-11-04 06:17:30.156299,18986667,19018404,18,-2.1 97 992.6 -2.4 0
2022-11-04 07:17:30.207758,18990327,19022004,18,-2.2 97 992.6 -2.5 0
2022-11-04 08:17:30.157506,18993987,19025604,18,-1.8 93 992.9 -2.5 0
2022-11-04 09:17:30.155717,18997647,19029204,18,-1.6 93 992.9 -2.5 0
2022-11-04 10:17:30.141552,19001307,19032804,18,-1.1 91 993.4 -2.2 0
2022-11-04 11:17:30.194366,19004968,19036405,18,-0.7 91 993.4 -1.7 0
2022-11-04 12:17:30.173490,19008628,19040005,18,-0.4 91 993.3 -1.4 0
2022-11-04 13:17:30.177088,19012288,19043605,18,-0.2 92 993.2 -1.1 0
2022-11-04 14:17:29.691888,19015947,19047204,18,-0.1 92 993.1 -1 0
2022-11-04 15:17:30.195792,19019608,19050805,18,0 92 993.5 -0.9 0
2022-11-04 16:17:30.179902,19023268,19054405,18,0.2 92 993.7 -0.8 0
2022-11-04 17:17:30.208442,19026928,19058005,18,0.2 94 994.1 -0.5 0
2022-11-04 18:17:30.206153,19030588,19061605,18,0.2 95 994.5 -0.3 0
2022-11-04 19:17:30.228224,19034248,19065205,18,0.4 95 994.9 -0.2 0
2022-11-04 20:17:30.199086,19037908,19068805,18,0.5 93 995.2 -0.4 0
2022-11-04 21:17:30.226964,19041568,19072405,18,0.4 91 995.5 -0.7 0
2022-11-04 22:17:30.239528,19045228,19076005,18,0.4 92 995.8 -0.6 0
2022-11-04 23:17:30.218652,19048888,19079605,18,0.3 92 996.2 -0.7 0
2022-11-05 00:17:30.229459,19052548,19083205,18,0.2 93 996.5 -0.7 0
2022-11-05 01:17:30.183477,19056208,19086805,18,0.2 94 996.7 -0.5 0
2022-11-05 02:17:30.186659,19059868,19090405,18,0 92 997.1 -1 0
2022-11-05 03:17:30.194604,19063529,19094006,18,0 89 997.4 -1.5 0
2022-11-05 04:17:30.179553,19067189,19097606,18,0 86 997.9 -1.8 0
2022-11-05 05:17:30.227360,19070849,19101206,18,0 87 998.3 -1.6 0
2022-11-05 06:17:30.240831,19074509,19104806,18,-0.2 90 998.6 -1.5 0
2022-11-05 07:17:30.236557,19078169,19108406,18,-0.1 89 999.2 -1.5 0
2022-11-05 08:17:30.221606,19081829,19112006,18,-0.1 90 999.4 -1.3 0
2022-11-05 09:17:30.219785,19085489,19115606,18,0.1 90 1000 -1.2 0
2022-11-05 10:17:30.200564,19089149,19119206,18,0.2 88 1000.4 -1.4 0
2022-11-05 11:17:30.201531,19092809,19122806,18,0.2 87 1000.9 -1.5 0
2022-11-05 12:17:30.204198,19096469,19126406,18,0.6 87 1001 -1.2 0
2022-11-05 13:17:30.223707,19100129,19130006,18,0.4 88 1001.3 -1.2 0
2022-11-05 14:17:29.723642,19103789,19133606,18,0.3 87 1001.5 -1.5 0
2022-11-05 15:17:30.233171,19107449,19137206,18,0.5 86 1001.8 -1.5 0
2022-11-05 16:17:30.232237,19111109,19140806,18,0.3 88 1002 -1.3 0
2022-11-05 17:17:30.238975,19114769,19144406,18,0.2 91 1002.5 -1 0
2022-11-05 18:17:30.227735,19118429,19148006,18,0.1 92 1002.7 -0.9 0
2022-11-05 19:17:30.233888,19122089,19151606,18,0 91 1003 -1.1 0
2022-11-05 20:17:30.251652,19125749,19155206,18,-0.1 91 1003.1 -1.2 0
2022-11-05 21:17:30.315266,19129410,19158807,18,-0.3 91 1003.4 -1.4 0
2022-11-05 22:17:30.238908,19133070,19162407,18,-0.5 91 1003.5 -1.5 0
2022-11-05 23:17:30.223739,19136730,19166007,18,-0.5 92 1003.9 -1.4 0
2022-11-06 00:17:30.257893,19140390,19169607,18,-0.6 90 1003.8 -1.8 0
2022-11-06 01:17:30.248958,19144050,19173207,18,-0.5 89 1004 -1.8 0
2022-11-06 02:17:30.218841,19147710,19176807,18,-0.6 91 1004.5 -1.7 0
2022-11-06 03:17:30.270794,19151370,19180407,18,-0.8 91 1004.2 -1.8 0
2022-11-06 04:17:30.220624,19155030,19184007,18,-0.8 91 1004.4 -2 0
2022-11-06 05:17:30.236930,19158690,19187607,18,-1 89 1004.2 -2.3 0
2022-11-06 06:17:30.228896,19162350,19191207,18,-1.5 89 1004.2 -2.9 0
2022-11-06 07:17:30.274975,19166010,19194807,18,-1.8 91 1004 -2.9 0
2022-11-06 08:17:30.226938,19169670,19198407,18,-1.6 92 1004.3 -2.6 0
2022-11-06 09:17:30.231879,19173330,19202007,18,-1.8 92 1004 -2.7 0
2022-11-06 10:17:30.258399,19176990,19205607,18,-1.7 93 1004 -2.5 0
2022-11-06 11:17:30.253264,19180650,19209207,18,-1.4 92 1003.8 -2.3 0
2022-11-06 12:17:30.291104,19184310,19212807,18,-1.3 92 1003.7 -2.2 0
2022-11-06 13:17:30.249122,19187970,19216407,18,-1.1 90 1003.3 -2.3 0
2022-11-06 14:17:29.744385,19191630,19220007,18,-0.8 89 1003 -2.1 0
2022-11-06 15:17:30.272394,19195291,19223608,18,-0.6 87 1002.7 -2.2 0
2022-11-06 16:17:30.285623,19198951,19227208,18,-0.7 89 1002.5 -2.1 0
2022-11-06 17:17:30.285684,19202611,19230808,18,-0.7 89 1002.3 -2 0
2022-11-06 18:17:30.267408,19206271,19234408,18,-0.6 89 1001.9 -1.8 0
2022-11-06 19:17:30.305625,19209931,19238008,18,-0.5 91 1001.5 -1.6 0
2022-11-06 20:17:30.276249,19213591,19241608,18,-0.5 91 1001.2 -1.5 0
2022-11-06 21:17:30.288607,19217251,19245208,18,-0.3 91 1001 -1.3 0
2022-11-06 22:17:30.249614,19220911,19248808,18,0 92 1000.9 -1 0
2022-11-06 23:17:30.251161,19224571,19252408,18,0.2 92 1000.5 -0.9 0
2022-11-07 00:17:30.240156,19228231,19256008,18,0.4 92 1000.2 -0.6 0
2022-11-07 01:17:30.289302,19231891,19259608,18,0.4 95 999.7 -0.2 0
