TimeStamp,DataID,DataID2,DeviceID,DeviceData
2022-10-01 00:17:30.666696,15978177,16059234,18,14 98 993.3 13.8 0
2022-10-01 01:17:30.871123,15981837,16062834,18,13.6 100 993.2 13.6 0
2022-10-01 02:17:30.672062,15985497,16066434,18,13.4 100 993.1 13.4 0
2022-10-01 03:17:30.664589,15989157,16070034,18,13.4 100 992.9 13.4 0
2022-10-01 04:17:30.673037,15992817,16073634,18,13.1 100 992.8 13.1 0
2022-10-01 05:17:30.681903,15996477,16077234,18,13.1 100 992.5 13.1 0
2022-10-01 06:17:30.655028,16000138,16080835,18,13.1 100 992.2 13.1 0
2022-10-01 07:17:30.664226,16003798,16084435,18,13.2 100 991.9 13.2 0
2022-10-01 08:17:30.874331,16007458,16088035,18,13.5 100 991.9 13.5 0
2022-10-01 09:17:30.688794,16011118,16091635,18,13.5 100 991.6 13.5 0
2022-10-01 10:17:30.668175,16014778,16095235,18,14 100 991.3 14 0
2022-10-01 11:17:30.662805,16018438,16098835,18,14.2 100 990.7 14.2 0
2022-10-01 12:17:30.658664,16022098,16102435,18,14.7 100 990 14.7 0
2022-10-01 13:17:30.657711,16025758,16106035,18,14.6 100 989.2 14.6 0
2022-10-01 14:17:30.235869,16029418,16109635,18,14.7 100 988.7 14.7 0
2022-10-01 15:17:30.687511,16033078,16113235,18,15.1 100 988.1 15.1 0
2022-10-01 16:17:30.705018,16036738,16116835,18,15.3 96 987.4 14.7 0
2022-10-01 17:17:30.687247,16040398,16120435,18,15.2 99 987.1 15.1 0
2022-10-01 18:17:30.730045,16044058,16124035,18,13.8 100 986.3 13.8 0
2022-10-01 19:17:30.698401,16047718,16127635,18,13.3 100 985.3 13.3 0
2022-10-01 20:17:30.694253,16051378,16131235,18,13.7 100 984.4 13.7 0
2022-10-01 21:17:30.697358,16055038,16134835,18,14.1 100 983.2 14.1 0
2022-10-01 22:17:30.898625,16058699,16138436,18,14.7 100 982.6 14.7 0
2022-10-01 23:17:30.705562,16062358,16142035,18,14.1 100 981.5 14.1 0
2022-10-02 00:17:30.712493,16066018,16145635,18,14.1 100 981.3 14.1 0
2022-10-02 01:17:30.680770,16069678,16149235,18,14.2 100 981.5 14.2 0
2022-10-02 02:17:30.752360,16073339,16152836,18,13.6 92 981.5 12.4 0
2022-10-02 03:17:30.698023,16076999,16156436,18,12.5 94 981.7 11.6 0
2022-10-02 04:17:30.678019,16080659,16160036,18,11.6 94 981.8 10.7 0
2022-10-02 05:17:30.699343,16084319,16163636,18,11.2 93 982 10.2 0
2022-10-02 06:17:30.677370,16087979,16167236,18,10.9 92 982.2 9.7 0
2022-10-02 07:17:30.671797,16091639,16170836,18,10.3 89 982.5 8.7 0
2022-10-02 08:17:30.907221,16095299,16174436,18,10 88 982.5 8.1 0
2022-10-02 09:17:30.678703,16098959,16178036,18,9.8 89 982.6 8 0
2022-10-02 10:17:30.687444,16102619,16181636,18,10 89 982.8 8.4 0
2022-10-02 11:17:30.701901,16106279,16185236,18,11.3 81 982.9 8.3 0
2022-10-02 12:17:30.687293,16109939,16188836,18,11.2 84 983 8.7 0
2022-10-02 13:17:30.704546,16113599,16192436,18,11 85 983 8.7 0
2022-10-02 14:17:30.272985,16117259,16196036,18,11.6 82 983 8.6 0
2022-10-02 15:17:30.787796,16120919,16199636,18,11.8 77 982.7 7.9 0
2022-10-02 16:17:30.785648,16124579,16203236,18,11.6 78 982 7.9 0
2022-10-02 17:17:30.799365,16128239,16206836,18,10.8 90 981.4 9.2 0
2022-10-02 18:17:30.771109,16131899,16210436,18,10.9 85 981 8.6 0
2022-10-02 19:17:30.777873,16135560,16214037,18,11 85 980.3 8.6 0
2022-10-02 20:17:30.783445,16139219,16217636,18,10.9 87 979.7 8.9 0
2022-10-02 21:17:30.779108,16142880,16221237,18,9.9 99 978.7 9.8 0
2022-10-02 22:17:30.822545,16146540,16224837,18,9.9 100 977.1 9.9 0
2022-10-02 23:17:30.782892,16150200,16228437,18,10 100 976.8 9.9 0
2022-10-03 00:17:30.805543,16153860,16232037,18,10.4 100 975.4 10.4 0
2022-10-03 01:17:30.772169,16157520,16235637,18,11.2 100 974.9 11.2 0
2022-10-03 02:17:30.805300,16161180,16239237,18,11.9 100 974 11.9 0
2022-10-03 03:17:30.782554,16164840,16242837,18,13.1 100 972.7 13.1 0
2022-10-03 04:17:30.793006,16168500,16246437,18,14 100 971.8 14 0
2022-10-03 05:17:30.765601,16172160,16250037,18,14.6 100 971.1 14.6 0
2022-10-03 06:17:30.798240,16175820,16253637,18,15.2 100 970.6 15.2 0
2022-10-03 07:17:30.787956,16179480,16257237,18,15.2 100 969.8 15.2 0
2022-10-03 08:17:30.980132,16183140,16260837,18,15.6 100 969.3 15.6 0
2022-10-03 09:17:30.790439,16186800,16264437,18,15.7 100 968.5 15.7 0
2022-10-03 10:17:30.797117,16190460,16268037,18,15 100 968.4 15 0
2022-10-03 11:17:30.788507,16194120,16271637,18,14.6 100 968.5 14.6 0
2022-10-03 12:17:30.776643,16197780,16275237,18,13.7 100 969.3 13.7 0
2022-10-03 13:17:30.775890,16201440,16278837,18,14.1 98 969.9 13.9 0
2022-10-03 14:17:30.278343,16205100,16282437,18,12.5 98 970.7 12.3 0
2022-10-03 15:17:30.810399,16208761,16286038,18,12.3 85 971.9 10 0
2022-10-03 16:17:30.784804,16212421,16289638,18,10 90 973.8 8.5 0
2022-10-03 17:17:30.988205,16216081,16293238,18,9.4 83 974.6 6.8 0
2022-10-03 18:17:30.792408,16219741,16296838,18,9.4 82 975.2 6.6 0
2022-10-03 19:17:30.802725,16223401,16300438,18,9.3 88 975.8 7.4 0
2022-10-03 20:17:31.025329,16227061,16304038,18,8.8 94 976.6 7.9 0
2022-10-03 21:17:29.859161,16230720,16307637,18,9 98 976.9 8.7 0
2022-10-03 22:17:29.830068,16234380,16311237,18,9.3 95 977.8 8.6 0
2022-10-03 23:17:29.818244,16238040,16314837,18,10.1 92 978.3 8.8 0
2022-10-04 00:17:29.833672,16241700,16318437,18,10.6 87 978.8 8.7 0
2022-10-04 01:17:29.822053,16245360,16322037,18,10.9 87 979.2 8.8 0
2022-10-04 02:17:29.822410,16249020,16325637,18,10.7 86 979.5 8.5 0
2022-10-04 03:17:29.828150,16252680,16329237,18,10.7 87 980 8.6 0
2022-10-04 04:17:29.802037,16256340,16332837,18,10.4 88 980.1 8.6 0
2022-10-04 05:17:29.837061,16260001,16336438,18,9.9 91 980.6 8.5 0
2022-10-04 06:17:29.812310,16263661,16340038,18,9.6 92 980.8 8.4 0
2022-10-04 07:17:29.828028,16267321,16343638,18,9.5 93 981.1 8.4 0
2022-10-04 08:17:30.032944,16270981,16347238,18,10.1 90 981.5 8.7 0
2022-10-04 09:17:29.821742,16274641,16350838,18,10.7 87 981.9 8.8 0
2022-10-04 10:17:29.828112,16278301,16354438,18,11.3 84 982.1 8.8 0
2022-10-04 11:17:29.834506,16281961,16358038,18,12.9 73 981.9 8.3 0
2022-10-04 12:17:29.810892,16285621,16361638,18,13.8 70 981.8 8.5 0
2022-10-04 13:17:29.820133,16289281,16365238,18,13.5 67 981.4 7.6 0
2022-10-04 14:17:30.321838,16292941,16368838,18,8.6 93 983.8 7.7 0
2022-10-04 15:17:31.033457,16296602,16372439,18,9.2 92 984.2 8 0
2022-10-04 16:17:30.821408,16300262,16376039,18,10 85 984.7 7.7 0
2022-10-04 17:17:30.858565,16303922,16379639,18,9.8 80 984.9 6.6 0
2022-10-04 18:17:30.830170,16307582,16383239,18,9.4 83 985.2 6.7 0
2022-10-04 19:17:30.809581,16311242,16386839,18,9.2 89 985.5 7.5 0
2022-10-04 20:17:30.816222,16314902,16390439,18,9.3 87 985.4 7.3 0
2022-10-04 21:17:31.021738,16318562,16394039,18,8.9 87 985.4 6.9 0
2022-10-04 22:17:30.802749,16322222,16397639,18,8.5 88 985.7 6.6 0
2022-10-04 23:17:30.807494,16325882,16401239,18,8.1 90 985.8 6.6 0
2022-10-05 00:17:30.805586,16329542,16404839,18,7.8 90 985.6 6.4 0
2022-10-05 01:17:30.811735,16333202,16408439,18,7.8 91 985.5 6.4 0
2022-10-05 02:17:30.813614,16336862,16412039,18,7.7 92 985.6 6.6 0
2022-10-05 03:17:30.800747,16340523,16415640,18,7.5 93 985.3 6.6 0
2022-10-05 04:17:30.809292,16344182,16419239,18,7.3 96 985.4 6.7 0
2022-10-05 05:17:30.815578,16347843,16422840,18,7 99 985.5 6.9 0
2022-10-05 06:17:30.814727,16351503,16426440,18,6.8 99 985.7 6.7 0
2022-10-05 07:17:30.789958,16355163,16430040,18,6.7 100 985.9 6.7 0
2022-10-05 08:17:30.991603,16358823,16433640,18,6.8 99 986.1 6.7 0
2022-10-05 09:17:30.810237,16362483,16437240,18,7 98 986.3 6.7 0
2022-10-05 10:17:30.791551,16366143,16440840,18,7.6 96 986.8 7.1 0
2022-10-05 11:17:30.797933,16369803,16444440,18,7.8 97 987.4 7.5 0
2022-10-05 12:17:30.795969,16373463,16448040,18,7.7 98 987.9 7.5 0
2022-10-05 13:17:30.816867,16377123,16451640,18,8.3 90 988.3 6.8 0
2022-10-05 14:17:30.328605,16380782,16455239,18,9.4 84 988.7 6.8 0
2022-10-05 15:17:30.842174,16384443,16458840,18,8.6 86 989.5 6.5 0
2022-10-05 16:17:30.830387,16388103,16462440,18,8.3 93 989.7 7.3 0
2022-10-05 17:17:30.823757,16391763,16466040,18,8 92 990.2 6.8 0
2022-10-05 18:17:30.830583,16395423,16469640,18,7.4 94 990.8 6.6 0
2022-10-05 19:17:30.821206,16399083,16473240,18,7.3 93 991.3 6.3 0
2022-10-05 20:17:30.831120,16402743,16476840,18,6.9 92 991.6 5.8 0
2022-10-05 21:17:31.045928,16406404,16480441,18,6.6 94 991.8 5.8 0
2022-10-05 22:17:30.842252,16410064,16484041,18,6.3 95 992 5.7 0
2022-10-05 23:17:30.848720,16413724,16487641,18,6.8 97 992.1 6.4 0
2022-10-06 00:17:30.837098,16417384,16491241,18,6.7 99 992.2 6.7 0
2022-10-06 01:17:30.842608,16421044,16494841,18,6.8 100 992.7 6.8 0
2022-10-06 02:17:30.848458,16424704,16498441,18,7 100 992.7 7 0
2022-10-06 03:17:30.855059,16428364,16502041,18,7.2 100 992.8 7.2 0
2022-10-06 04:17:30.824335,16432024,16505641,18,7.4 100 992.9 7.4 0
2022-10-06 05:17:30.845662,16435684,16509241,18,7.6 99 992.6 7.5 0
2022-10-06 06:17:30.841341,16439344,16512841,18,7.7 100 993 7.7 0
2022-10-06 07:17:30.834038,16443004,16516441,18,7.9 100 993.1 7.9 0
2022-10-06 08:17:31.027889,16446664,16520041,18,8.2 100 993.4 8.2 0
2022-10-06 09:17:30.846515,16450324,16523641,18,8.8 99 993.4 8.7 0
2022-10-06 10:17:30.805800,16453984,16527241,18,9.1 100 993.5 9.1 0
2022-10-06 11:17:30.831755,16457644,16530841,18,9.9 96 993.2 9.4 0
2022-10-06 12:17:31.052315,16461305,16534442,18,10.1 97 993.4 9.7 0
2022-10-06 13:17:30.846448,16464964,16538041,18,11.1 94 993.1 10.2 0
2022-10-06 14:17:29.336714,16468623,16541640,18,11.7 91 993.2 10.3 0
2022-10-06 15:17:29.845685,16472283,16545240,18,12 92 993.1 10.8 0
2022-10-06 16:17:29.857542,16475943,16548840,18,12.1 90 992.8 10.5 0
2022-10-06 17:17:29.871558,16479604,16552441,18,11.7 90 992.9 10.3 0
2022-10-06 18:17:29.870819,16483264,16556041,18,11.5 92 992.9 10.3 0
2022-10-06 19:17:29.850484,16486924,16559641,18,11.5 92 992.9 10.3 0
2022-10-06 20:17:29.847687,16490584,16563241,18,11.4 93 992.6 10.5 0
2022-10-06 21:17:30.059530,16494244,16566841,18,11.5 95 992 10.7 0
2022-10-06 22:17:29.864697,16497904,16570441,18,11.2 96 991.8 10.6 0
2022-10-06 23:17:29.874425,16501564,16574041,18,11.3 95 991.8 10.7 0
2022-10-07 00:17:29.857349,16505224,16577641,18,11.5 96 991.5 11 0
2022-10-07 01:17:29.866332,16508884,16581241,18,11.2 100 991.8 11.2 0
2022-10-07 02:17:29.829866,16512544,16584841,18,11.4 99 992.2 11.4 0
2022-10-07 03:17:29.856424,16516204,16588441,18,11.2 99 992.6 11.1 0
2022-10-07 04:17:29.869137,16519864,16592041,18,10.7 98 993 10.6 0
2022-10-07 05:17:29.869013,16523524,16595641,18,10.4 99 993.7 10.3 0
2022-10-07 06:17:29.850223,16527184,16599241,18,10.2 98 994 10 0
2022-10-07 07:17:29.855266,16530844,16602841,18,10.1 96 994.5 9.6 0
2022-10-07 08:17:30.063149,16534505,16606442,18,10.9 93 995.3 9.9 0
2022-10-07 09:17:29.849733,16538164,16610041,18,11.4 89 995.8 9.7 0
2022-10-07 10:17:30.067485,16541825,16613642,18,11.4 84 996.9 9 0
2022-10-07 11:17:29.869408,16545484,16617241,18,11.6 84 997.1 9 0
2022-10-07 12:17:30.232839,16549072,16620769,18,12.5 77 997.5 8.6 0
2022-10-07 13:17:29.797647,16552731,16624368,18,12.6 73 997.6 8 0
2022-10-07 14:17:29.666852,16556391,16627968,18,13.2 73 997.5 8.6 0
2022-10-07 15:17:30.180371,16560052,16631569,18,13.1 71 998 8 0
2022-10-07 16:17:30.164998,16563712,16635169,18,12.8 72 998.3 8 0
2022-10-07 17:17:30.175259,16567372,16638769,18,12.4 71 998.4 7.5 0
2022-10-07 18:17:30.186261,16571032,16642369,18,11.6 77 998.7 7.8 0
2022-10-07 19:17:30.183323,16574692,16645969,18,11.4 81 999.1 8.3 0
2022-10-07 20:17:30.177165,16578352,16649569,18,10.7 85 999.4 8.4 0
2022-10-07 21:17:30.162906,16582012,16653169,18,10.1 88 999.5 8.2 0
2022-10-07 22:17:30.195777,16585672,16656769,18,9.9 88 999.9 8.1 0
2022-10-07 23:17:30.180236,16589332,16660369,18,9.6 91 1000 8.3 0
2022-10-08 00:17:30.176404,16592992,16663969,18,9.1 94 1000.2 8.2 0
2022-10-08 01:17:30.187819,16596653,16667570,18,8.8 95 1000.2 8.2 0
2022-10-08 02:17:30.190125,16600313,16671170,18,8.7 97 1000.3 8.2 0
2022-10-08 03:17:30.182519,16603973,16674770,18,8.5 98 1000 8.3 0
2022-10-08 04:17:30.195227,16607633,16678370,18,8.7 97 1000.1 8.3 0
2022-10-08 05:17:30.174287,16611293,16681970,18,8.7 97 1000.2 8.3 0
2022-10-08 06:17:30.202264,16614953,16685570,18,8.9 96 1000.1 8.3 0
2022-10-08 07:17:30.167039,16618613,16689170,18,9.3 94 1000.1 8.4 0
2022-10-08 08:17:30.187082,16622273,16692770,18,9.6 93 1000.5 8.5 0
2022-10-08 09:17:30.388404,16625933,16696370,18,10.2 90 1000.5 8.7 0
2022-10-08 10:17:30.197057,16629593,16699970,18,13.6 72 1000.6 8.6 0
2022-10-08 11:17:30.188198,16633253,16703570,18,14.4 68 1000.2 8.7 0
2022-10-08 12:17:30.187037,16636913,16707170,18,14.3 65 999.7 7.9 0
2022-10-08 13:17:30.193146,16640573,16710770,18,14.8 59 999.1 7 0
2022-10-08 14:17:29.674826,16644233,16714370,18,15.1 59 998.5 7.3 0
2022-10-08 15:17:30.218426,16647893,16717970,18,15.3 58 997.7 7.2 0
2022-10-08 16:17:30.203644,16651553,16721570,18,14.5 60 997.1 6.9 0
2022-10-08 17:17:30.192005,16655213,16725170,18,13.6 65 996.8 7.3 0
2022-10-08 18:17:30.206260,16658873,16728770,18,12.6 69 996.5 7.2 0
2022-10-08 19:17:30.211235,16662533,16732370,18,12.4 72 996.4 7.6 0
2022-10-08 20:17:30.219637,16666193,16735970,18,12.1 73 996.1 7.5 0
2022-10-08 21:17:30.239438,16669854,16739571,18,11.9 75 995.7 7.6 0
2022-10-08 22:17:30.230269,16673514,16743171,18,11.3 78 995.8 7.6 0
2022-10-08 23:17:30.214691,16677174,16746771,18,10.6 82 995.8 7.7 0
2022-10-09 00:17:30.193241,16680834,16750371,18,10.6 82 995.7 7.7 0
2022-10-09 01:17:30.200804,16684494,16753971,18,10.3 85 995.3 8 0
2022-10-09 02:17:30.211562,16688154,16757571,18,9.8 88 994.7 8 0
2022-10-09 03:17:30.191146,16691814,16761171,18,9.5 89 994.2 7.9 0
2022-10-09 04:17:30.224252,16695474,16764771,18,9.2 91 994 7.9 0
2022-10-09 05:17:30.213816,16699134,16768371,18,8.9 92 993.6 7.7 0
2022-10-09 06:17:30.204206,16702794,16771971,18,8.8 92 993.2 7.6 0
2022-10-09 07:17:30.421741,16706454,16775571,18,8.8 91 992.5 7.4 0
2022-10-09 08:17:30.210602,16710114,16779171,18,9.3 88 992.1 7.5 0
2022-10-09 09:17:30.409314,16713774,16782771,18,10.7 81 992.3 7.7 0
2022-10-09 10:17:30.221192,16717434,16786371,18,13.1 71 992 8 0
2022-10-09 11:17:30.208192,16721094,16789971,18,15 63 991.6 8 0
2022-10-09 12:17:30.422118,16724755,16793572,18,16.2 56 991.2 7.5 0
2022-10-09 13:17:30.198897,16728414,16797171,18,16.5 52 990.9 6.8 0
2022-10-09 14:17:29.755503,16732074,16800771,18,16.7 50 990.6 6.4 0
2022-10-09 15:17:30.240605,16735735,16804372,18,16 52 990.8 6.3 0
2022-10-09 16:17:30.249241,16739395,16807972,18,13.2 74 991.6 8.7 0
2022-10-09 17:17:30.248579,16743055,16811572,18,11.7 86 991.6 9.5 0
2022-10-09 18:17:30.246686,16746715,16815172,18,10.7 99 992.3 10.5 0
2022-10-09 19:17:30.248388,16750375,16818772,18,10.4 100 992.7 10.4 0
2022-10-09 20:17:30.265598,16754035,16822372,18,10.2 100 992.8 10.2 0
2022-10-09 21:17:30.230845,16757695,16825972,18,10.1 100 993 10.1 0
2022-10-09 22:17:30.275194,16761355,16829572,18,10.1 100 993.6 10.1 0
2022-10-09 23:17:30.251615,16765015,16833172,18,10.1 100 993.7 10.1 0
2022-10-10 00:17:30.257896,16768675,16836772,18,10 100 993.7 10 0
2022-10-10 01:17:30.251675,16772335,16840372,18,9.7 98 994.4 9.5 0
2022-10-10 02:17:30.263616,16775995,16843972,18,9.6 97 994.9 9.1 0
2022-10-10 03:17:30.254689,16779655,16847572,18,9.5 96 995.2 9.1 0
2022-10-10 04:17:30.243671,16783315,16851172,18,9.4 91 995.7 8.1 0
2022-10-10 05:17:30.461195,16786975,16854772,18,9.3 92 996.6 8.1 0
2022-10-10 06:17:30.248900,16790635,16858372,18,9.1 91 997 7.7 0
2022-10-10 07:17:30.241378,16794295,16861972,18,9 91 997.8 7.6 0
2022-10-10 08:17:30.235077,16797955,16865572,18,8.7 90 998.6 7.2 0
2022-10-10 09:17:30.265448,16801616,16869173,18,9 87 999.1 7 0
2022-10-10 10:17:30.238851,16805275,16872772,18,10 82 999.5 7 0
2022-10-10 11:17:30.233551,16808936,16876373,18,11.1 77 999.6 7.3 0
2022-10-10 12:17:30.456026,16812596,16879973,18,12.2 58 999.8 4.3 0
2022-10-10 13:17:30.240856,16816256,16883573,18,12.9 55 1000 4.2 0
2022-10-10 14:17:29.746227,16819915,16887172,18,12.7 51 999.9 2.8 0
2022-10-10 15:17:30.281690,16823576,16890773,18,11.8 59 1000.1 4.2 0
2022-10-10 16:17:30.261394,16827236,16894373,18,11.1 66 1000.2 5 0
2022-10-10 17:17:30.260969,16830896,16897973,18,9.8 74 1000.4 5.4 0
2022-10-10 18:17:30.261368,16834556,16901573,18,8.9 79 1000.6 5.5 0
2022-10-10 19:17:30.273790,16838216,16905173,18,8.3 79 1000.8 5 0
2022-10-10 20:17:30.242410,16841876,16908773,18,7.3 83 1001.1 4.6 0
2022-10-10 21:17:30.239823,16845536,16912373,18,5.7 90 1001.2 4.2 0
2022-10-10 22:17:30.235543,16849196,16915973,18,5 94 1001.1 4.2 0
2022-10-10 23:17:30.247279,16852856,16919573,18,4.3 99 1000.9 4.2 0
2022-10-11 00:17:30.258905,16856516,16923173,18,3.8 100 1000.7 3.8 0
2022-10-11 01:17:30.261027,16860176,16926773,18,3.5 100 1000.5 3.5 0
2022-10-11 02:17:30.251478,16863836,16930373,18,3.2 100 1000.3 3.2 0
2022-10-11 03:17:30.242591,16867496,16933973,18,3 100 1000 3 0
2022-10-11 04:17:30.525257,16871157,16937574,18,2.4 100 999.9 2.4 0
2022-10-11 05:17:30.251121,16874817,16941174,18,2.2 100 999.9 2.2 0
2022-10-11 06:17:30.266527,16878477,16944774,18,1.9 100 999.8 1.9 0
2022-10-11 07:17:30.250564,16882137,16948374,18,1.4 100 999.6 1.4 0
2022-10-11 08:17:30.267111,16885797,16951974,18,4.4 100 999.6 4.4 0
2022-10-11 09:17:30.230419,16889457,16955574,18,6.1 89 999.4 4.5 0
2022-10-11 10:17:30.268691,16893117,16959174,18,9 72 999.4 4.3 0
2022-10-11 11:17:30.241800,16896777,16962774,18,9.3 66 999.1 3.4 0
2022-10-11 12:17:30.258307,16900437,16966374,18,10.2 57 998.5 2 0
2022-10-11 13:17:30.234611,16904097,16969974,18,11.2 51 997.9 1.6 0
2022-10-11 14:17:29.752178,16907756,16973573,18,11.6 46 997.3 0.6 0
2022-10-11 15:17:30.251011,16911417,16977174,18,11.7 46 996.7 0.5 0
2022-10-11 16:17:30.272777,16915077,16980774,18,11.1 49 996.2 0.9 0
2022-10-11 17:17:30.249714,16918737,16984374,18,8.6 60 996.2 1.4 0
2022-10-11 18:17:30.274177,16922397,16987974,18,5.9 70 996.3 0.9 0
2022-10-11 19:17:30.258124,16926057,16991574,18,5 76 996.3 1.1 0
2022-10-11 20:17:30.247310,16929717,16995174,18,5.2 90 996.2 3.8 0
2022-10-11 21:17:30.253115,16933377,16998774,18,4.5 95 995.9 3.8 0
2022-10-11 22:17:30.257826,16937037,17002374,18,3.6 100 995.4 3.6 0
2022-10-11 23:17:30.247482,16940698,17005975,18,3.1 100 995.3 3.1 0
2022-10-12 00:17:30.261635,16944358,17009575,18,2.7 100 995 2.7 0
2022-10-12 01:17:30.278373,16948018,17013175,18,2.4 100 995 2.4 0
2022-10-12 02:17:30.282134,16951678,17016775,18,2.2 100 994.8 2.2 0
2022-10-12 03:17:30.637825,16955339,17020376,18,1.9 100 994.7 1.8 0
2022-10-12 04:17:29.812057,16958998,17023975,18,2.1 100 994.3 2.1 0
2022-10-12 05:17:29.813878,16962658,17027575,18,2.1 100 994 2.1 0
2022-10-12 06:17:29.795671,16966318,17031175,18,2 100 993.8 2 0
2022-10-12 07:17:29.805610,16969979,17034776,18,2.7 100 993.8 2.7 0
2022-10-12 08:17:29.821672,16973639,17038376,18,6.2 85 993.9 3.9 0
2022-10-12 09:17:29.843533,16977299,17041976,18,7.1 81 993.9 4.1 0
2022-10-12 10:17:29.782982,16980958,17045575,18,9.1 66 993.8 3.2 0
2022-10-12 11:17:26.312986,,,,
2022-10-12 12:17:25.989080,,,,
2022-10-12 13:17:26.001021,,,,
2022-10-12 14:17:25.903503,,,,
2022-10-12 15:17:26.691092,,,,
2022-10-12 16:17:26.449347,,,,
2022-10-12 17:17:26.394659,,,,
2022-10-12 18:17:26.525218,,,,
2022-10-12 19:17:26.521990,,,,
2022-10-12 20:17:26.417583,,,,
2022-10-12 21:17:26.429848,,,,
2022-10-12 22:17:26.471549,,,,
2022-10-12 23:17:26.394538,,,,
2022-10-13 00:17:26.392949,,,,
2022-10-13 01:17:26.464326,,,,
2022-10-13 02:17:26.360651,,,,
2022-10-13 03:17:26.406534,,,,
2022-10-13 04:17:26.413766,,,,
2022-10-13 05:17:26.363277,,,,
2022-10-13 06:17:26.437357,,,,
2022-10-13 07:17:26.440896,,,,
2022-10-13 08:17:26.510372,,,,
2022-10-13 09:17:26.454074,,,,
2022-10-13 10:17:26.381615,,,,
2022-10-13 11:17:25.981296,,,,
2022-10-13 12:17:26.412114,,,,
2022-10-13 13:17:26.441161,,,,
2022-10-13 14:17:26.046505,,,,
2022-10-13 15:17:26.537129,,,,
2022-10-13 16:17:30.742418,17090760,17153577,18,8.4 73 999.3 4 0
2022-10-13 17:17:29.808417,17094419,17157176,18,7.4 79 999.5 4.1 0
2022-10-13 18:17:29.784269,17098079,17160776,18,6.5 82 999.8 3.7 0
2022-10-13 19:17:29.816262,17101739,17164376,18,5.9 79 1000 2.7 0
2022-10-13 20:17:29.813046,17105400,17167977,18,5.9 81 999.9 3.1 0
2022-10-13 21:17:29.799077,17109060,17171577,18,5.6 84 1000.1 3.1 0
2022-10-13 22:17:29.821224,17112720,17175177,18,5.3 88 1000.2 3.5 0
2022-10-13 23:17:29.862018,17116380,17178777,18,5.1 89 1000.3 3.6 0
2022-10-14 00:17:29.834746,17120040,17182377,18,5.2 89 1000.5 3.6 0
2022-10-14 01:17:29.829006,17123700,17185977,18,4.5 92 1000.6 3.4 0
2022-10-14 02:17:29.823097,17127360,17189577,18,4.2 94 1000.8 3.4 0
2022-10-14 03:17:29.860468,17131020,17193177,18,4.2 93 1000.8 3.2 0
2022-10-14 04:17:29.834025,17134680,17196777,18,4.1 94 1000.7 3.3 0
2022-10-14 05:17:29.774132,17138340,17200377,18,3.7 96 1000.6 3.1 0
2022-10-14 06:17:29.811086,17142000,17203977,18,1.1 100 1000.6 1.1 0
2022-10-14 07:17:29.855107,17145660,17207577,18,0.7 100 1000.6 0.7 0
2022-10-14 08:17:29.806406,17149320,17211177,18,2.8 100 1000.5 2.8 0
2022-10-14 09:17:29.797997,17152980,17214777,18,4.4 91 1000.5 3.2 0
2022-10-14 10:17:29.842534,17156640,17218377,18,7 74 1000.7 2.8 0
2022-10-14 11:17:29.781065,17160300,17221977,18,7.8 67 1000.6 2.1 0
2022-10-14 12:17:29.822033,17163960,17225577,18,8.9 69 1000.3 3.5 0
2022-10-14 13:17:29.836232,17167620,17229177,18,8.8 71 1000.2 3.9 0
2022-10-14 14:17:30.242977,17171281,17232778,18,7.3 83 1000.3 4.6 0
2022-10-14 15:17:30.766842,17174941,17236378,18,7.1 84 1000.1 4.7 0
2022-10-14 16:17:30.749557,17178602,17239979,18,6.6 85 999.9 4.3 0
2022-10-14 17:17:30.730794,17182262,17243579,18,6.9 83 999.7 4.3 0
2022-10-14 18:17:30.763003,17185922,17247179,18,7 82 999.6 4.2 0
2022-10-14 19:17:30.749542,17189582,17250779,18,7 85 999.6 4.6 0
2022-10-14 20:17:30.579998,17193242,17254379,18,7.1 85 999.6 4.9 0
2022-10-14 21:17:29.790805,17196901,17257978,18,7.2 83 999.7 4.5 0
2022-10-14 22:17:29.769314,17200561,17261578,18,6.6 84 999.8 4.1 0
2022-10-14 23:17:29.795039,17204221,17265178,18,5.3 91 999.8 3.9 0
2022-10-15 00:17:29.772949,17207881,17268778,18,4.5 94 999.9 3.7 0
2022-10-15 01:17:29.783390,17211541,17272378,18,5.4 90 1000.1 3.9 0
2022-10-15 02:17:29.775055,17215201,17275978,18,5.7 88 1000.1 3.9 0
2022-10-15 03:17:29.789194,17218861,17279578,18,5.7 87 1000.1 3.8 0
2022-10-15 04:17:29.826512,17222521,17283178,18,6 84 1000 3.7 0
2022-10-15 05:17:29.770678,17226181,17286778,18,6 85 1000.3 3.7 0
2022-10-15 06:17:29.780912,17229841,17290378,18,5.9 85 1000.7 3.7 0
2022-10-15 07:17:29.760777,17233501,17293978,18,6 85 1000.7 3.7 0
2022-10-15 08:17:29.766145,17237162,17297579,18,6.3 81 1001.1 3.4 0
2022-10-15 09:17:29.770162,17240822,17301179,18,6.8 76 1001.2 3 0
2022-10-15 10:17:29.786521,17244482,17304779,18,7.1 76 1001.4 3.2 0
2022-10-15 11:17:29.794091,17248142,17308379,18,7.8 73 1001.7 3.3 0
2022-10-15 12:17:29.807774,17251802,17311979,18,8.4 70 1001.7 3.2 0
2022-10-15 13:17:29.823171,17255462,17315579,18,8.8 72 1001.8 4 0
2022-10-15 14:17:30.256136,17259123,17319180,18,9.4 68 1001.6 3.8 0
2022-10-15 15:17:30.796759,17262783,17322780,18,9.7 65 1001.5 3.6 0
2022-10-15 16:17:30.789975,17266443,17326380,18,9.1 69 1001.5 3.7 0
2022-10-15 17:17:30.136571,17270103,17329980,18,8.5 70 1001.8 3.5 0
2022-10-15 18:17:30.598654,17273763,17333580,18,7.8 76 1002 3.9 0
2022-10-15 19:17:30.783881,17277424,17337181,18,7.6 77 1002.2 3.9 0
2022-10-15 20:17:30.841035,17281084,17340781,18,7.3 77 1002.4 3.6 0
2022-10-15 21:17:30.768391,17284744,17344381,18,7.2 75 1002.8 3.2 0
2022-10-15 22:17:30.783597,17288404,17347981,18,7 73 1003.1 2.5 0
2022-10-15 23:17:30.777103,17292064,17351581,18,6.5 73 1003.5 2 0
2022-10-16 00:17:30.770855,17295724,17355181,18,6.2 73 1003.8 1.8 0
2022-10-16 01:17:30.763039,17299384,17358781,18,5.9 74 1004.1 1.7 0
2022-10-16 02:17:30.778155,17303044,17362381,18,5.4 76 1004.3 1.6 0
2022-10-16 03:17:30.783202,17306704,17365981,18,4.8 79 1004.6 1.5 0
2022-10-16 04:17:30.784514,17310365,17369582,18,4.3 80 1004.9 1.3 0
2022-10-16 05:17:30.783612,17314025,17373182,18,4.2 81 1005.1 1.3 0
2022-10-16 06:17:30.765154,17317685,17376782,18,3.8 82 1005.3 1.1 0
2022-10-16 07:17:30.796961,17321345,17380382,18,3.4 84 1005.5 1 0
2022-10-16 08:17:30.768551,17325005,17383982,18,4.3 80 1005.7 1.3 0
2022-10-16 09:17:30.772017,17328665,17387582,18,5 79 1006 1.6 0
2022-10-16 10:17:30.768650,17332325,17391182,18,7.2 69 1006.2 2 0
2022-10-16 11:17:30.819504,17335985,17394782,18,9.4 64 1006.2 2.9 0
2022-10-16 12:17:30.782308,17339645,17398382,18,11.2 57 1006.1 3 0
2022-10-16 13:17:30.777799,17343305,17401982,18,11.7 50 1005.9 1.8 0
2022-10-16 14:17:30.275859,17346965,17405582,18,12 51 1005.8 2.4 0
2022-10-16 15:17:30.769618,17350625,17409182,18,11.9 51 1005.5 2.2 0
2022-10-16 16:17:30.805757,17354286,17412783,18,11.1 54 1005.4 2.3 0
2022-10-16 17:17:30.785232,17357946,17416383,18,10.3 57 1005.3 2.2 0
2022-10-16 18:17:30.780741,17361606,17419983,18,9.5 61 1005.3 2.4 0
2022-10-16 19:17:30.771388,17365266,17423583,18,9.3 60 1005.1 1.9 0
2022-10-16 20:17:30.795048,17368926,17427183,18,8.6 63 1005.2 2.1 0
2022-10-16 21:17:30.752990,17372586,17430783,18,7.8 66 1005.3 1.9 0
2022-10-16 22:17:30.754752,17376246,17434383,18,7.4 66 1005.1 1.7 0
2022-10-16 23:17:30.762558,17379906,17437983,18,7 67 1005 1.4 0
2022-10-17 00:17:30.762035,17383566,17441583,18,6.4 70 1004.9 1.4 0
2022-10-17 01:17:30.788158,17387227,17445184,18,6.1 71 1004.7 1.4 0
2022-10-17 02:17:30.773805,17390887,17448784,18,6 72 1004.5 1.3 0
2022-10-17 03:17:30.768164,17394547,17452384,18,6 72 1004.2 1.4 0
2022-10-17 04:17:30.755124,17398207,17455984,18,5.5 74 1003.3 1.3 0
2022-10-17 05:17:30.771772,17401867,17459584,18,5.4 74 1002.8 1.3 0
2022-10-17 06:17:30.748362,17405527,17463184,18,5.3 75 1002.2 1.4 0
2022-10-17 07:17:30.772022,17409187,17466784,18,5.3 76 1001.7 1.5 0
2022-10-17 08:17:30.761503,17412847,17470384,18,5.7 75 1001.1 1.7 0
2022-10-17 09:17:30.824269,17416507,17473984,18,6.5 72 1000.4 1.9 0
2022-10-17 10:17:30.760316,17420167,17477584,18,7.4 70 1000.3 2.5 0
2022-10-17 11:17:30.755267,17423827,17481184,18,6.7 80 999.7 3.6 0
2022-10-17 12:17:30.772138,17427487,17484784,18,6.5 90 999.7 5 0
2022-10-17 13:17:30.770338,17431148,17488385,18,6.5 94 999.1 5.7 0
2022-10-17 14:17:30.270573,17434807,17491984,18,6.8 93 998.5 5.9 0
2022-10-17 15:17:30.815262,17438468,17495585,18,6.9 97 998 6.5 0
2022-10-17 16:17:30.808278,17442128,17499185,18,7.3 97 998.8 6.9 0
2022-10-17 17:17:30.787084,17445786,17502783,18,7.6 96 998.2 7.1 0
2022-10-17 18:17:30.813270,17449446,17506383,18,7.7 96 998.5 7.2 0
2022-10-17 19:17:30.785074,17453107,17509984,18,8.4 95 998.7 7.6 0
2022-10-17 20:17:30.838741,17456767,17513584,18,8.7 94 999 7.9 0
2022-10-17 21:17:30.801672,17460427,17517184,18,8.8 95 998.8 8.1 0
2022-10-17 22:17:30.808056,17464087,17520784,18,8.7 96 999.3 8.2 0
2022-10-17 23:17:30.800803,17467747,17524384,18,8.3 98 999.1 8.1 0
2022-10-18 00:17:30.841163,17471407,17527984,18,8.4 97 999.3 8 0
2022-10-18 01:17:30.791856,17475067,17531584,18,8.4 95 998.9 7.6 0
2022-10-18 02:17:30.801456,17478727,17535184,18,8.5 93 998.6 7.5 0
2022-10-18 03:17:30.800833,17482386,17538783,18,7.9 95 998.3 7.2 0
2022-10-18 04:17:30.777866,17486046,17542383,18,7.6 95 997.7 7 0
2022-10-18 05:17:30.790822,17489706,17545983,18,7.5 95 997.2 6.8 0
2022-10-18 06:17:30.798867,17493366,17549583,18,7.2 96 996.4 6.7 0
2022-10-18 07:17:30.795166,17497026,17553183,18,7.2 96 995.5 6.6 0
2022-10-18 08:17:30.827553,17500686,17556783,18,7.1 97 994.9 6.7 0
2022-10-18 09:17:30.784860,17504346,17560383,18,7.3 97 994.4 7 0
2022-10-18 10:17:30.806950,17508007,17563984,18,7.3 100 992.2 7.3 0
2022-10-18 11:17:30.822129,17511667,17567584,18,7.6 100 989.5 7.6 0
2022-10-18 12:17:30.785732,17515327,17571184,18,8.2 100 986.9 8.2 0
2022-10-18 13:17:30.821733,17518987,17574784,18,9.1 100 985.7 9.1 0
2022-10-18 14:17:30.296506,17522646,17578383,18,11.3 100 984.9 11.3 0
2022-10-18 15:17:30.859696,17526307,17581984,18,12 100 984.9 12 0
2022-10-18 16:17:30.815179,17529967,17585584,18,12.6 100 985.1 12.6 0
2022-10-18 17:17:30.835811,17533627,17589184,18,12.5 99 985.7 12.4 0
2022-10-18 18:17:30.796711,17537287,17592784,18,11.9 94 986.2 11.1 0
2022-10-18 19:17:30.815213,17540947,17596384,18,11.5 92 987.1 10.4 0
2022-10-18 20:17:30.877883,17544608,17599985,18,10.3 90 987.9 8.8 0
2022-10-18 21:17:30.780725,17548268,17603585,18,9.6 89 988 8 0
2022-10-18 22:17:30.800412,17551928,17607185,18,8.9 94 988.1 8 0
2022-10-18 23:17:30.820775,17555588,17610785,18,9.1 89 987.8 7.4 0
2022-10-19 00:17:30.813863,17559248,17614385,18,8.8 91 987.7 7.6 0
2022-10-19 01:17:30.801572,17562908,17617985,18,8.7 93 987.3 7.8 0
2022-10-19 02:17:30.786939,17566568,17621585,18,8.7 93 986.7 7.7 0
2022-10-19 03:17:30.812819,17570228,17625185,18,8.6 93 985.9 7.6 0
2022-10-19 04:17:30.815912,17573888,17628785,18,8.5 93 985.4 7.4 0
2022-10-19 05:17:30.783948,17577548,17632385,18,8.1 97 984.7 7.6 0
2022-10-19 06:17:30.784414,17581208,17635985,18,7.8 99 984.2 7.7 0
2022-10-19 07:17:30.823228,17584868,17639585,18,7.8 98 983.4 7.6 0
2022-10-19 08:17:30.797560,17588529,17643186,18,8 98 983 7.8 0
2022-10-19 09:17:30.866822,17592189,17646786,18,7.8 96 982.9 7.2 0
2022-10-19 10:17:30.805569,17595849,17650386,18,7.1 100 982.6 7.1 0
2022-10-19 11:17:30.810295,17599509,17653986,18,7.1 100 982.7 7.1 0
2022-10-19 12:17:30.808890,17603169,17657586,18,7.2 100 982.7 7.2 0
2022-10-19 13:17:30.807000,17606829,17661186,18,7 100 982.7 7 0
2022-10-19 14:17:29.312888,17610488,17664785,18,7.4 100 982.4 7.4 0
2022-10-19 16:17:29.873509,17617808,17671985,18,7.4 99 982.8 7.3 0
2022-10-19 17:17:29.808069,17621468,17675585,18,7.1 100 983 7.1 0
2022-10-19 18:17:29.778050,17625128,17679185,18,7.1 98 983.4 7 0
2022-10-19 19:17:29.779099,17628788,17682785,18,6.7 97 983.8 6.4 0
2022-10-19 20:17:29.788294,17632448,17686385,18,6.7 97 984.1 6.3 0
2022-10-19 21:17:29.791125,17636108,17689985,18,6.5 99 984.6 6.3 0
2022-10-19 22:17:29.795442,17639769,17693586,18,6 100 984.8 6 0
2022-10-19 23:17:29.789049,17643429,17697186,18,6.1 98 985.4 5.8 0
2022-10-20 00:17:29.760340,17647089,17700786,18,6.1 95 985.6 5.4 0
2022-10-20 01:17:29.780276,17650747,17704384,18,6 94 986.1 5.2 0
2022-10-20 02:17:29.767743,17654407,17707984,18,6 92 986.5 4.9 0
2022-10-20 03:17:29.790301,17658067,17711584,18,5.9 91 987.1 4.6 0
2022-10-20 04:17:29.773565,17661728,17715185,18,5.9 92 987.7 4.8 0
2022-10-20 05:17:29.869756,17665388,17718785,18,5.8 92 988.4 4.6 0
2022-10-20 06:17:29.792022,17669048,17722385,18,5.6 91 989.1 4.3 0
2022-10-20 07:17:29.788094,17672708,17725985,18,5.7 94 989.7 4.8 0
2022-10-20 08:17:29.788533,17676368,17729585,18,5.4 98 990.4 5.1 0
2022-10-20 09:17:29.802636,17680028,17733185,18,5.3 88 990.9 3.5 0
2022-10-20 10:17:29.769788,17683688,17736785,18,5.7 80 991.4 2.6 0
2022-10-20 11:17:29.779579,17687348,17740385,18,6.8 72 991.7 2.3 0
2022-10-20 12:17:29.762621,17691008,17743985,18,6.1 71 992.1 1.3 0
2022-10-20 13:17:29.767949,17694668,17747585,18,5.9 75 992.2 1.8 0
2022-10-20 14:17:30.220338,17698328,17751185,18,6 73 992.3 1.7 0
2022-10-20 15:17:30.738695,17701989,17754786,18,6.1 72 992.6 1.4 0
2022-10-20 16:17:30.788752,17705649,17758386,18,5.9 73 993 1.6 0
2022-10-20 17:17:30.737816,17709309,17761986,18,5 78 993.2 1.6 0
2022-10-20 18:17:30.747442,17712969,17765586,18,4.4 83 993.8 1.9 0
2022-10-20 19:17:30.765014,17716629,17769186,18,3.6 82 994.1 0.8 0
2022-10-20 20:17:30.753706,17720289,17772786,18,3.1 81 994.4 0.3 0
2022-10-20 21:17:30.743164,17723949,17776386,18,2.8 83 994.7 0.2 0
2022-10-20 22:17:30.751806,17727609,17779986,18,2.4 82 995.3 -0.1 0
2022-10-20 23:17:30.754565,17731269,17783586,18,2.2 83 995.6 -0.2 0
2022-10-21 00:17:30.778365,17734930,17787187,18,2.1 82 995.6 -0.4 0
2022-10-21 01:17:30.743452,17738590,17790787,18,2.3 82 995.6 -0.2 0
2022-10-21 02:17:30.739698,17742250,17794387,18,2.3 86 995.7 0.2 0
2022-10-21 03:17:30.751702,17745910,17797987,18,2.1 86 995.7 0.2 0
2022-10-21 04:17:30.758543,17749570,17801587,18,2.1 88 995.4 0.3 0
2022-10-21 05:17:30.756772,17753230,17805187,18,2 91 995.4 0.7 0
2022-10-21 06:17:30.791657,17756890,17808787,18,1.9 94 995.4 1.2 0
2022-10-21 07:17:30.752929,17760550,17812387,18,2 95 995.6 1.3 0
2022-10-21 08:17:30.739600,17764210,17815987,18,2.3 97 995.8 1.8 0
2022-10-21 09:17:30.735260,17767870,17819587,18,2.7 96 996.1 2.2 0
2022-10-21 10:17:30.756886,17771530,17823187,18,3.4 94 996 2.7 0
2022-10-21 11:17:30.737559,17775190,17826787,18,4 91 996.3 2.7 0
2022-10-21 12:17:30.740221,17778850,17830387,18,5 87 996.1 3 0
2022-10-21 13:17:30.733776,17782510,17833987,18,5.1 86 996.1 3.1 0
2022-10-21 14:17:30.270844,17786170,17837587,18,5.4 87 995.9 3.4 0
2022-10-21 15:17:30.786991,17789830,17841187,18,5.4 87 995.5 3.5 0
2022-10-21 16:17:30.786791,17793490,17844787,18,5.4 86 995.3 3.3 0
2022-10-21 17:17:30.783424,17797150,17848387,18,5.5 87 995.7 3.6 0
2022-10-21 18:17:30.760101,17800810,17851987,18,5.7 87 995.8 3.8 0
2022-10-21 19:17:30.764317,17804471,17855588,18,5.1 92 996.1 4 0
2022-10-21 20:17:30.763041,17808131,17859188,18,5.1 93 996.2 4.1 0
2022-10-21 21:17:30.772586,17811791,17862788,18,4.9 96 996 4.3 0
2022-10-21 22:17:30.788041,17815451,17866388,18,5 96 996.3 4.5 0
2022-10-21 23:17:30.762042,17819111,17869988,18,4.8 96 996.5 4.3 0
2022-10-22 00:17:30.779606,17822771,17873588,18,4.6 99 996.7 4.6 0
2022-10-22 01:17:30.767326,17826431,17877188,18,4.8 98 996.7 4.6 0
2022-10-22 02:17:30.802434,17830091,17880788,18,4.7 100 996.8 4.7 0
2022-10-22 03:17:30.778207,17833751,17884388,18,4.7 100 996.6 4.7 0
2022-10-22 04:17:30.781369,17837411,17887988,18,4.8 100 996.5 4.8 0
2022-10-22 05:17:30.757596,17841071,17891588,18,4.9 100 996.7 4.9 0
2022-10-22 06:17:30.757091,17844731,17895188,18,5 99 996.8 4.9 0
2022-10-22 07:17:30.832910,17848391,17898788,18,4.9 99 996.7 4.8 0
2022-10-22 08:17:30.763216,17852051,17902388,18,5.1 98 997 4.9 0
2022-10-22 09:17:30.762296,17855711,17905988,18,5.4 97 997.2 5 0
2022-10-22 10:17:30.776365,17859371,17909588,18,6.2 93 997.3 5.2 0
2022-10-22 11:17:30.776268,17863031,17913188,18,6.2 94 997.5 5.3 0
2022-10-22 12:17:30.774554,17866691,17916788,18,6.3 91 997.5 5 0
2022-10-22 13:17:30.754690,17870351,17920388,18,6.6 90 997.2 5.1 0
2022-10-22 14:17:30.245498,17874011,17923988,18,6.7 87 996.9 4.8 0
2022-10-22 15:17:30.783656,17877672,17927589,18,6.7 87 996.6 4.7 0
2022-10-22 16:17:30.804815,17881332,17931189,18,6 89 996.4 4.3 0
2022-10-22 17:17:30.757541,17884992,17934789,18,4.7 100 996.1 4.7 0
2022-10-22 18:17:30.772214,17888652,17938389,18,5.7 97 996 5.3 0
2022-10-22 19:17:30.762719,17892312,17941989,18,5.9 96 996.1 5.3 0
2022-10-22 20:17:30.766795,17895972,17945589,18,5.8 94 995.9 5.1 0
2022-10-22 21:17:30.767360,17899632,17949189,18,5.9 93 995.4 4.9 0
2022-10-22 22:17:30.766976,17903292,17952789,18,5.9 92 995.1 4.8 0
2022-10-22 23:17:30.777560,17906952,17956389,18,5.7 93 995.1 4.7 0
2022-10-23 00:17:30.812759,17910612,17959989,18,5.7 92 994.8 4.6 0
2022-10-23 01:17:30.761144,17914272,17963589,18,5.7 91 994.2 4.3 0
2022-10-23 02:17:30.771624,17917932,17967189,18,5.6 89 993.7 4 0
2022-10-23 03:17:30.795042,17921592,17970789,18,5.4 89 993 3.7 0
2022-10-23 04:17:30.780449,17925252,17974389,18,5.2 87 992.3 3.4 0
2022-10-23 05:17:30.783112,17928912,17977989,18,4.2 92 992 3.1 0
2022-10-23 06:17:30.798119,17932572,17981589,18,3.6 95 991.5 3 0
2022-10-23 07:17:30.782707,17936232,17985189,18,3.2 97 991.1 2.8 0
2022-10-23 08:17:30.768265,17939892,17988789,18,3.5 97 990.9 3.1 0
2022-10-23 09:17:30.763593,17943553,17992390,18,4.4 94 990.6 3.6 0
2022-10-23 10:17:30.773162,17947213,17995990,18,5.2 93 989.8 4.3 0
2022-10-23 11:17:30.772177,17950873,17999590,18,5.4 94 989.7 4.5 0
2022-10-23 12:17:30.768876,17954533,18003190,18,5.7 94 989.2 4.9 0
2022-10-23 13:17:30.777384,17958193,18006790,18,5.6 96 988.7 5.1 0
2022-10-23 14:17:30.279011,17961852,18010389,18,5.6 99 988 5.4 0
2022-10-23 15:17:30.817055,17965513,18013990,18,5.5 100 987.5 5.5 0
2022-10-23 16:17:30.833094,17969173,18017590,18,5.5 100 987.1 5.5 0
2022-10-23 17:17:30.835350,17972833,18021190,18,5.8 100 986.7 5.8 0
2022-10-23 18:17:30.798854,17976493,18024790,18,5.9 100 986.2 5.9 0
2022-10-23 19:17:30.814680,17980153,18028390,18,6 100 986.1 6 0
2022-10-23 20:17:30.795563,17983813,18031990,18,6.2 100 985.6 6.2 0
2022-10-23 21:17:30.790707,17987473,18035590,18,6.2 100 985 6.2 0
2022-10-23 22:17:30.808652,17991133,18039190,18,6.4 100 984.7 6.4 0
2022-10-23 23:17:30.830204,17994793,18042790,18,6.5 100 984.4 6.5 0
2022-10-24 00:17:30.813552,17998453,18046390,18,6.1 100 984.2 6.1 0
2022-10-24 01:17:30.827185,18002113,18049990,18,5.9 100 984.3 5.9 0
2022-10-24 02:17:30.799932,18005773,18053590,18,5.8 100 984 5.8 0
2022-10-24 03:17:30.799163,18009434,18057191,18,5.8 100 984.2 5.8 0
2022-10-24 04:17:30.798104,18013094,18060791,18,5.6 98 984.1 5.3 0
2022-10-24 05:17:30.806674,18016754,18064391,18,5.2 98 984.2 5 0
2022-10-24 06:17:30.816361,18020414,18067991,18,5 100 984.7 5 0
2022-10-24 07:17:30.806557,18024074,18071591,18,5 100 985.2 5 0
2022-10-24 08:17:30.790052,18027734,18075191,18,5.2 100 985.9 5.2 0
2022-10-24 09:17:30.799710,18031394,18078791,18,5.7 97 986.3 5.3 0
2022-10-24 10:17:30.818759,18035054,18082391,18,6.3 91 986.6 5 0
2022-10-24 11:17:30.834129,18038714,18085991,18,6.2 93 987.1 5.2 0
2022-10-24 12:17:30.794957,18042374,18089591,18,5.1 100 987.9 5.1 0
2022-10-24 13:17:30.799323,18046034,18093191,18,5.8 85 988.4 3.6 0
2022-10-24 14:17:29.322836,18049692,18096789,18,6.1 79 988.4 2.9 0
2022-10-24 15:17:29.831039,18053353,18100390,18,6.2 64 988.9 0 0
2022-10-24 16:17:29.831288,18057013,18103990,18,6.2 62 989.5 -0.3 0
2022-10-24 17:17:29.806802,18060673,18107590,18,5.4 62 990.1 -1.2 0
2022-10-24 18:17:29.833141,18064333,18111190,18,3.6 71 991 -0.9 0
2022-10-24 19:17:29.845115,18067993,18114790,18,3.5 71 991.3 -1.1 0
2022-10-24 20:17:29.792347,18071653,18118390,18,2.4 77 992 -1 0
2022-10-24 21:17:29.824243,18075313,18121990,18,1.1 85 992.4 -1 0
2022-10-24 22:17:29.806755,18078973,18125590,18,0.2 88 992.8 -1.4 0
2022-10-24 23:17:29.823121,18082634,18129191,18,-0.2 92 993.1 -1.2 0
2022-10-25 00:17:29.805320,18086294,18132791,18,-0.7 96 993.4 -1.2 0
2022-10-25 01:17:29.792796,18089954,18136391,18,-1.2 99 993.9 -1.2 0
2022-10-25 02:17:29.801077,18093614,18139991,18,-0.9 100 994.1 -0.9 0
2022-10-25 03:17:29.813748,18097274,18143591,18,-1.1 100 994.2 -1.1 0
2022-10-25 04:17:29.814114,18100934,18147191,18,-0.8 97 994.6 -1.2 0
2022-10-25 05:17:29.800903,18104594,18150791,18,-1.6 100 994.8 -1.6 0
2022-10-25 06:17:29.795333,18108254,18154391,18,-2.4 100 994.8 -2.4 0
2022-10-25 07:17:29.808806,18111914,18157991,18,-2.5 100 995 -2.5 0
2022-10-25 08:17:29.844035,18115574,18161591,18,-1.9 100 995.2 -1.9 0
2022-10-25 09:17:29.807705,18119234,18165191,18,0.2 92 995.2 -0.7 0
2022-10-25 10:17:29.836302,18122894,18168791,18,3 77 995.6 -0.4 0
2022-10-25 11:17:29.813394,18126554,18172391,18,4.6 67 995.7 -0.7 0
2022-10-25 12:17:29.792855,18130214,18175991,18,5.7 60 995.8 -1.2 0
2022-10-25 13:17:29.828242,18133874,18179591,18,5.3 53 995.7 -3.1 0
2022-10-25 14:17:29.371380,18137534,18183191,18,4.9 58 995.7 -2.5 0
2022-10-25 15:17:29.891779,18141195,18186792,18,4.9 58 995.7 -2.4 0
2022-10-25 16:17:29.862990,18144855,18190392,18,3.1 67 995.8 -2.3 0
2022-10-25 17:17:29.871480,18148515,18193992,18,1.1 76 995.8 -2.5 0
2022-10-25 18:17:29.879166,18152175,18197592,18,0.7 89 995.9 -0.7 0
2022-10-25 19:17:29.897331,18155835,18201192,18,0.5 92 996.2 -0.6 0
2022-10-25 20:17:29.861471,18159495,18204792,18,0.6 91 996.3 -0.4 0
2022-10-25 21:17:29.888055,18163155,18208392,18,0.6 92 996.4 -0.4 0
2022-10-25 22:17:29.899663,18166815,18211992,18,-0.5 98 996.3 -0.7 0
2022-10-25 23:17:29.849382,18170475,18215592,18,0 97 996.3 -0.3 0
2022-10-26 00:17:29.871400,18174135,18219192,18,-1 100 996.3 -1 0
2022-10-26 01:17:29.850164,18177795,18222792,18,0.4 93 996.5 -0.4 0
2022-10-26 02:17:29.878480,18181455,18226392,18,0.6 91 996.7 -0.4 0
2022-10-26 03:17:29.870645,18185115,18229992,18,0.4 93 996.9 -0.5 0
2022-10-26 04:17:29.883759,18188775,18233592,18,-0.3 96 996.8 -0.7 0
2022-10-26 05:17:29.855965,18192435,18237192,18,-0.2 95 996.7 -0.7 0
2022-10-26 06:17:29.872268,18196095,18240792,18,-0.1 94 996.8 -0.7 0
2022-10-26 07:17:29.882588,18199755,18244392,18,0.1 92 996.6 -0.8 0
2022-10-26 08:17:29.855019,18203415,18247992,18,0.6 90 996.8 -0.6 0
2022-10-26 09:17:29.865145,18207075,18251592,18,1.5 87 996.9 -0.3 0
2022-10-26 10:17:28.898632,18210735,18255192,18,3.3 78 996.8 0 0
2022-10-26 11:17:29.400373,18214395,18258792,18,3.8 74 997 -0.1 0
2022-10-26 12:17:29.863775,18218056,18262393,18,4.8 71 997 0.1 0
2022-10-26 13:17:29.891113,18221716,18265993,18,4.6 73 996.9 0.2 0
2022-10-26 14:17:29.394193,18225375,18269592,18,5.1 71 996.8 0.4 0
2022-10-26 15:17:29.913455,18229036,18273193,18,5 69 996.6 -0.1 0
2022-10-26 16:17:29.925899,18232696,18276793,18,4.4 73 996.5 0.1 0
2022-10-26 17:17:29.917033,18236356,18280393,18,3.7 79 996.6 0.5 0
2022-10-26 18:17:29.918565,18240016,18283993,18,3.5 82 996.7 0.8 0
2022-10-26 19:17:29.932990,18243676,18287593,18,3.1 83 996.7 0.6 0
2022-10-26 20:17:29.914046,18247336,18291193,18,2.7 84 996.5 0.4 0
2022-10-26 21:17:29.936216,18250996,18294793,18,2.3 85 996.5 0.2 0
2022-10-26 22:17:29.935091,18254656,18298393,18,2.3 84 996.7 0 0
2022-10-26 23:17:29.947678,18258316,18301993,18,2.4 83 996.4 0 0
2022-10-27 00:17:29.930395,18261976,18305593,18,2.2 84 996.2 0 0
2022-10-27 01:17:29.929288,18265636,18309193,18,2 85 996.2 -0.2 0
2022-10-27 02:17:29.931611,18269297,18312794,18,1.4 88 996 -0.1 0
2022-10-27 03:17:29.918514,18272957,18316394,18,1.6 87 995.8 -0.2 0
2022-10-27 04:17:29.923039,18276617,18319994,18,1.5 87 995.6 -0.2 0
2022-10-27 05:17:29.919167,18280277,18323594,18,0.9 90 995.5 -0.3 0
2022-10-27 06:17:29.901940,18283937,18327194,18,1.4 89 995.5 0 0
2022-10-27 07:17:29.944654,18287597,18330794,18,1.7 89 995.7 0.1 0
2022-10-27 08:17:29.915786,18291257,18334394,18,1.9 90 995.9 0.4 0
2022-10-27 09:17:29.910537,18294917,18337994,18,2.5 91 996.2 1.3 0
2022-10-27 10:17:29.935936,18298577,18341594,18,3.1 89 996.7 1.5 0
2022-10-27 11:17:29.920136,18302237,18345194,18,4.3 83 996.6 1.7 0
2022-10-27 12:17:29.916989,18305897,18348794,18,5 82 996.7 2.3 0
2022-10-27 13:17:29.929008,18309557,18352394,18,6 80 996.8 2.8 0
2022-10-27 14:17:29.432069,18313217,18355994,18,5.3 82 997 2.6 0
2022-10-27 15:17:29.980343,18316877,18359594,18,5.1 84 997.2 2.8 0
2022-10-27 16:17:29.981890,18320537,18363194,18,4.4 88 997.6 2.7 0
2022-10-27 17:17:29.966019,18324197,18366794,18,3 95 998 2.3 0
2022-10-27 18:17:29.972863,18327857,18370394,18,1.7 100 998.1 1.7 0
2022-10-27 19:17:29.962497,18331517,18373994,18,2.4 100 998.4 2.4 0
2022-10-27 20:17:29.959477,18335177,18377594,18,1.6 100 998.6 1.6 0
2022-10-27 21:17:29.970266,18338837,18381194,18,1.7 100 998.9 1.7 0
2022-10-27 22:17:29.986050,18342498,18384795,18,3 100 999.1 3 0
2022-10-27 23:17:29.968407,18346158,18388395,18,3.1 100 999.2 3.1 0
2022-10-28 00:17:29.954939,18349818,18391995,18,3.1 100 999 3.1 0
2022-10-28 01:17:29.976379,18353478,18395595,18,2.8 100 998.8 2.8 0
2022-10-28 02:17:29.973289,18357138,18399195,18,3 100 999.2 3 0
2022-10-28 03:17:29.975017,18360798,18402795,18,3.2 100 999 3.2 0
2022-10-28 04:17:29.974783,18364458,18406395,18,3.8 96 999.1 3.4 0
2022-10-28 05:17:29.957151,18368118,18409995,18,3.7 97 998.8 3.3 0
2022-10-28 06:17:29.981306,18371778,18413595,18,4 97 998.9 3.6 0
2022-10-28 07:17:29.959089,18375438,18417195,18,3.7 100 998.6 3.7 0
2022-10-28 08:17:29.969470,18379098,18420795,18,4.2 100 998.6 4.2 0
2022-10-28 09:17:29.950351,18382758,18424395,18,4.5 100 998.6 4.5 0
2022-10-28 10:17:29.972979,18386418,18427995,18,5.1 100 998.4 5.1 0
2022-10-28 11:17:30.048500,18390078,18431595,18,6.2 98 998.4 6 0
2022-10-28 12:17:29.967844,18393738,18435195,18,6.9 97 998 6.5 0
2022-10-28 13:17:29.967288,18397398,18438795,18,8 93 997.4 7 0
2022-10-28 14:17:29.462348,18401058,18442395,18,8.2 93 997.1 7.2 0
2022-10-28 15:17:29.979363,18404718,18445995,18,8.8 91 996.7 7.4 0
2022-10-28 16:17:29.991130,18408379,18449596,18,8.7 92 996.4 7.5 0
2022-10-28 17:17:30.007455,18412039,18453196,18,8.5 94 996.2 7.7 0
2022-10-28 18:17:29.997723,18415699,18456796,18,8.1 100 996 8.1 0
2022-10-28 19:17:29.984950,18419359,18460396,18,8.1 100 995.9 8.1 0
2022-10-28 20:17:29.989287,18423019,18463996,18,8.4 100 995.3 8.4 0
2022-10-28 21:17:29.989345,18426679,18467596,18,8.4 100 995.1 8.4 0
2022-10-28 22:17:30.024099,18430339,18471196,18,8.5 100 995 8.4 0
2022-10-28 23:17:29.994037,18433999,18474796,18,8.7 100 994.6 8.7 0
2022-10-29 00:17:29.987900,18437659,18478396,18,8.8 100 993.9 8.8 0
2022-10-29 01:17:29.995176,18441319,18481996,18,8.8 100 993.6 8.8 0
2022-10-29 02:17:29.991033,18444979,18485596,18,8.9 100 993.2 8.9 0
2022-10-29 03:17:29.998633,18448639,18489196,18,9 100 993 9 0
2022-10-29 04:17:29.997013,18452299,18492796,18,9 100 992.4 8.9 0
2022-10-29 05:17:30.000612,18455959,18496396,18,8.5 100 991.9 8.5 0
2022-10-29 06:17:29.985275,18459619,18499996,18,8.9 100 991.4 8.9 0
2022-10-29 07:17:29.984969,18463279,18503596,18,9.1 100 990.7 9.1 0
2022-10-29 08:17:29.970420,18466939,18507196,18,9 100 990.1 9 0
2022-10-29 09:17:30.025346,18470599,18510796,18,9.4 99 989.6 9.3 0
2022-10-29 10:17:29.997012,18474260,18514397,18,9.6 98 988.9 9.3 0
2022-10-29 11:17:30.006149,18477920,18517997,18,9.3 100 988.2 9.3 0
2022-10-29 12:17:30.029127,18481580,18521597,18,9.4 100 987.1 9.4 0
2022-10-29 13:17:30.006081,18485240,18525197,18,9.6 99 986.4 9.5 0
2022-10-29 14:17:29.493968,18488899,18528796,18,9.9 98 985.6 9.6 0
2022-10-29 15:17:30.002478,18492560,18532397,18,9.9 96 984.9 9.5 0
2022-10-29 16:17:30.055026,18496220,18535997,18,9.7 98 984.2 9.5 0
2022-10-29 17:17:30.033819,18499880,18539597,18,9.6 99 983.4 9.5 0
2022-10-29 18:17:30.022620,18503540,18543197,18,9.7 99 982.4 9.6 0
2022-10-29 19:17:30.032855,18507200,18546797,18,9.7 99 981.6 9.6 0
2022-10-29 20:17:29.993329,18510860,18550397,18,9.6 100 980.7 9.6 0
2022-10-29 21:17:30.032319,18514520,18553997,18,9.5 100 979.7 9.5 0
2022-10-29 22:17:30.017967,18518180,18557597,18,9.6 100 979 9.6 0
2022-10-29 23:17:30.033688,18521840,18561197,18,9.7 100 977.8 9.7 0
2022-10-30 00:17:30.025925,18525500,18564797,18,9.8 100 976.5 9.8 0
2022-10-30 01:17:30.018507,18529160,18568397,18,9.9 100 975.7 9.9 0
2022-10-30 02:17:30.008283,18532820,18571997,18,10.5 100 975.1 10.5 0
2022-10-30 03:17:30.013843,18536481,18575598,18,10.9 100 974.4 10.9 0
2022-10-30 04:17:30.016739,18540141,18579198,18,11 100 973.9 11 0
2022-10-30 05:17:30.019184,18543801,18582798,18,11.1 97 973.6 10.7 0
2022-10-30 06:17:30.025307,18547461,18586398,18,10.6 92 973.8 9.4 0
2022-10-30 07:17:30.025545,18551121,18589998,18,9.8 93 973.9 8.7 0
2022-10-30 08:17:30.030378,18554781,18593598,18,9.2 92 973.8 8.1 0
2022-10-30 09:17:30.049909,18558441,18597198,18,9.1 84 974.4 6.6 0
2022-10-30 10:17:30.048233,18562101,18600798,18,8 73 974.7 3.5 0
2022-10-30 11:17:30.017709,18565761,18604398,18,7.7 72 974.4 3.2 0
2022-10-30 12:17:30.005565,18569421,18607998,18,7.5 73 974.1 3 0
2022-10-30 13:17:30.008416,18573081,18611598,18,7.8 75 973.7 3.6 0
2022-10-30 14:17:29.568650,18576741,18615198,18,5.8 83 974 3.2 0
2022-10-30 15:17:30.047716,18580401,18618798,18,5.5 77 973.9 1.9 0
2022-10-30 16:17:30.098851,18584061,18622398,18,2.3 96 974.8 1.8 0
2022-10-30 17:17:30.062415,18587721,18625998,18,2.2 93 974.9 1.3 0
2022-10-30 18:17:30.045219,18591381,18629598,18,1.7 99 975.5 1.7 0
2022-10-30 19:17:30.038912,18595041,18633198,18,1.5 91 976.3 0.3 0
2022-10-30 20:17:30.107414,18598701,18636798,18,1.1 91 976.1 -0.1 0
2022-10-30 21:17:30.039631,18602361,18640398,18,0.8 92 976 -0.2 0
2022-10-30 22:17:30.084296,18606021,18643998,18,0.6 86 976 -1.3 0
2022-10-30 23:17:30.059795,18609682,18647599,18,0.4 83 976 -2 0
2022-10-31 00:17:30.057261,18613342,18651199,18,0.2 79 975.9 -2.8 0
2022-10-31 01:17:30.044729,18617002,18654799,18,0.1 79 975.9 -2.9 0
2022-10-31 02:17:30.070396,18620662,18658399,18,-0.1 81 975.7 -2.5 0
2022-10-31 03:17:30.089812,18624322,18661999,18,0.1 79 975.1 -3 0
2022-10-31 04:17:30.049065,18627982,18665599,18,0.2 77 975 -3.1 0
2022-10-31 05:17:30.066799,18631642,18669199,18,-0.8 94 975.3 -1.5 0
2022-10-31 06:17:30.080274,18635302,18672799,18,-1 100 975.1 -1 0
2022-10-31 07:17:30.065674,18638962,18676399,18,-0.8 96 975.3 -1.2 0
2022-10-31 08:17:30.074080,18642622,18679999,18,-0.7 97 976.1 -1.1 0
2022-10-31 09:17:30.037123,18646282,18683599,18,-0.3 97 977.3 -0.6 0
2022-10-31 10:17:30.081764,18649942,18687199,18,0.5 98 978.7 0.3 0
2022-10-31 11:17:30.095038,18653602,18690799,18,1.4 92 980.1 0.3 0
2022-10-31 12:17:30.075879,18657262,18694399,18,1.8 86 981.3 -0.1 0
2022-10-31 13:17:30.078135,18660922,18697999,18,2.3 84 982.4 0 0
2022-10-31 14:17:29.564981,18664582,18701599,18,2.2 87 982.7 0.3 0
2022-10-31 15:17:30.072964,18668242,18705199,18,2.2 87 983.1 0.3 0
2022-10-31 16:17:30.094853,18671902,18708799,18,2.4 88 983.7 0.6 0
2022-10-31 17:17:30.058560,18675563,18712400,18,2.6 87 984.4 0.8 0
2022-10-31 18:17:30.081795,18679223,18716000,18,2.6 86 985.1 0.6 0
2022-10-31 19:17:30.082439,18682883,18719600,18,2.5 84 985.9 0.3 0
2022-10-31 20:17:30.052876,18686543,18723200,18,2.3 86 986.5 0.2 0
2022-10-31 21:17:30.073490,18690203,18726800,18,2 87 987.1 0.1 0
2022-10-31 22:17:30.071303,18693863,18730400,18,1.7 87 987.7 0 0
2022-10-31 23:17:30.047693,18697523,18734000,18,1.6 86 988.5 -0.4 0
